Initializing SD card...
Initialization Succeeded
Initializing 9DoF...
Initialization Succeeded
Ax,Ay,Az,Gx,Gy,Gz,Mx,My,Mz,T
Starting Data Aquisition...
0.01,-0.04,-1.01,1.45,-0.99,1.09,0.24,0.27,0.31,29.17
0.00,-0.04,-1.01,1.22,-1.01,1.03,0.24,0.28,0.30,23.17
0.01,-0.04,-1.01,1.33,-1.01,1.04,0.24,0.27,0.31,18.74
0.01,-0.03,-1.00,1.44,-1.08,1.16,0.24,0.27,0.31,15.09
0.01,-0.04,-1.00,1.15,-0.89,1.07,0.24,0.27,0.32,11.43
0.00,-0.04,-1.00,1.19,-0.72,1.01,0.25,0.28,0.31,8.30
0.01,-0.04,-1.00,1.55,-0.89,1.20,0.25,0.27,0.30,5.70
0.01,-0.04,-1.00,1.70,-1.04,1.10,0.24,0.27,0.30,3.09
0.01,-0.04,-1.00,1.26,-1.08,1.15,0.25,0.27,0.31,1.00
0.01,-0.05,-0.99,1.43,-0.95,1.24,0.24,0.27,0.32,-1.09
0.00,-0.04,-0.99,1.21,-0.91,1.15,0.24,0.27,0.31,-2.91
0.01,-0.04,-0.99,1.29,-0.76,1.10,0.25,0.28,0.30,-4.74
0.00,-0.04,-0.99,1.31,-0.89,1.16,0.24,0.27,0.32,-6.04
0.01,-0.05,-0.99,1.44,-0.95,1.07,0.24,0.28,0.31,-7.09
0.01,-0.04,-0.98,1.23,-0.93,1.10,0.24,0.28,0.31,-8.39
0.01,-0.04,-0.99,1.24,-1.01,1.11,0.25,0.28,0.32,-9.70
0.00,-0.04,-0.98,1.33,-1.05,1.04,0.24,0.28,0.32,-10.74
0.00,-0.04,-0.98,1.14,-0.94,0.95,0.25,0.27,0.32,-12.04
0.01,-0.04,-0.99,1.42,-0.72,1.19,0.24,0.28,0.32,-13.61
0.01,-0.04,-0.99,1.30,-0.64,1.12,0.25,0.28,0.31,-13.87
0.00,-0.05,-0.99,1.28,-0.88,1.17,0.25,0.28,0.30,-14.13
0.01,-0.04,-0.99,1.28,-0.71,1.18,0.24,0.27,0.31,-14.65
0.01,-0.04,-0.98,1.04,-0.81,1.04,0.24,0.28,0.31,-14.13
0.01,-0.04,-0.99,1.17,-1.16,1.01,0.24,0.28,0.31,-14.65
0.00,-0.05,-0.99,1.49,-0.67,1.34,0.25,0.28,0.31,-14.91
0.01,-0.04,-0.99,1.33,-0.76,1.08,0.24,0.27,0.31,-15.43
0.01,-0.04,-0.99,1.48,-0.66,1.17,0.25,0.28,0.31,-15.96
0.01,-0.04,-0.98,1.09,-0.67,0.95,0.24,0.27,0.31,-15.96
0.00,-0.04,-0.99,1.53,-0.82,1.13,0.24,0.27,0.31,-16.22
0.01,-0.03,-0.99,1.21,-0.73,1.15,0.25,0.27,0.32,-16.48
0.01,-0.04,-0.98,1.37,-0.83,1.18,0.25,0.27,0.31,-17.00
0.01,-0.04,-0.98,1.34,-0.89,1.01,0.24,0.27,0.31,-16.48
0.00,-0.04,-0.99,1.48,-0.92,1.07,0.24,0.27,0.31,-16.74
0.01,-0.04,-0.98,1.37,-0.71,1.11,0.25,0.27,0.31,-17.26
0.00,-0.03,-0.98,1.42,-0.88,1.33,0.25,0.27,0.32,-16.74
0.00,-0.04,-0.98,1.22,-0.84,1.13,0.24,0.27,0.32,-17.26
0.00,-0.04,-0.98,1.44,-0.78,1.13,0.25,0.27,0.31,-17.26
0.01,-0.03,-0.99,1.36,-0.76,1.07,0.24,0.27,0.31,-17.26
0.00,-0.03,-0.98,1.22,-0.87,1.18,0.24,0.28,0.31,-17.26
0.00,-0.05,-0.99,1.23,-0.68,1.22,0.24,0.27,0.31,-17.26
0.01,-0.04,-0.98,1.34,-0.73,1.17,0.24,0.27,0.30,-17.00
0.00,-0.04,-0.99,1.50,-0.69,1.28,0.25,0.27,0.31,-17.26
0.01,-0.04,-0.98,1.57,-0.57,1.23,0.25,0.28,0.31,-17.26
0.00,-0.05,-0.98,1.19,-0.64,1.13,0.25,0.28,0.31,-17.52
0.00,-0.04,-0.98,1.37,-0.74,0.98,0.24,0.27,0.32,-17.26
0.01,-0.04,-0.98,1.28,-0.70,1.15,0.24,0.27,0.31,-17.52
0.00,-0.03,-0.98,1.26,-0.62,1.03,0.24,0.28,0.31,-17.52
0.01,-0.04,-0.98,1.28,-0.74,1.41,0.24,0.28,0.32,-17.26
0.00,-0.04,-0.98,1.41,-0.77,1.28,0.24,0.28,0.32,-17.26
0.01,-0.05,-0.99,1.54,-0.60,1.10,0.24,0.27,0.31,-16.48
0.01,-0.04,-0.99,1.69,-0.91,0.98,0.24,0.28,0.31,-16.74
0.01,-0.05,-0.99,1.35,-0.50,1.25,0.25,0.28,0.31,-16.22
0.01,-0.04,-0.99,1.42,-0.75,1.17,0.24,0.27,0.31,-16.48
0.00,-0.04,-0.99,1.37,-0.71,0.93,0.24,0.27,0.32,-16.74
0.00,-0.05,-0.98,1.37,-0.76,0.91,0.24,0.28,0.32,-16.74
0.01,-0.04,-0.99,1.62,-0.71,1.14,0.24,0.27,0.32,-16.74
0.01,-0.04,-0.97,1.44,-0.68,1.20,0.24,0.27,0.32,-16.74
0.01,-0.04,-0.99,1.51,-0.57,1.11,0.24,0.27,0.32,-16.74
0.00,-0.04,-0.98,1.19,-0.88,1.17,0.24,0.28,0.31,-17.26
0.00,-0.03,-0.98,1.37,-0.78,1.08,0.24,0.27,0.31,-17.52
0.01,-0.04,-0.99,1.12,-0.72,1.18,0.25,0.27,0.31,-17.52
0.01,-0.04,-0.99,1.34,-0.78,1.15,0.24,0.28,0.31,-17.78
0.01,-0.04,-0.99,1.56,-0.80,1.23,0.25,0.28,0.31,-17.26
0.01,-0.04,-0.98,1.37,-0.63,1.04,0.24,0.28,0.31,-17.78
0.01,-0.04,-0.98,1.37,-0.74,1.13,0.24,0.27,0.31,-17.52
0.00,-0.04,-0.97,1.46,-0.83,1.11,0.24,0.27,0.31,-17.78
0.01,-0.04,-0.98,1.42,-0.71,1.18,0.24,0.28,0.31,-17.52
0.01,-0.04,-0.97,1.28,-0.88,1.17,0.24,0.27,0.31,-17.52
0.00,-0.04,-0.98,1.29,-0.71,1.06,0.24,0.28,0.32,-17.52
0.01,-0.04,-0.98,1.50,-0.82,1.07,0.24,0.27,0.31,-17.78
0.00,-0.03,-0.98,1.48,-0.99,1.09,0.25,0.27,0.31,-17.78
0.01,-0.03,-0.98,1.53,-0.72,1.03,0.24,0.28,0.30,-17.78
0.01,-0.04,-0.98,1.41,-0.67,1.15,0.25,0.28,0.31,-17.78
0.00,-0.04,-0.98,1.65,-0.41,1.14,0.24,0.27,0.31,-17.52
0.00,-0.04,-0.98,1.28,-0.66,1.19,0.25,0.27,0.31,-17.52
0.01,-0.04,-0.98,1.58,-0.48,1.12,0.25,0.27,0.31,-17.52
0.01,-0.03,-0.99,1.34,-0.66,1.20,0.25,0.27,0.31,-17.78
0.00,-0.04,-0.99,1.54,-0.42,1.24,0.24,0.27,0.30,-17.52
0.00,-0.05,-0.99,1.55,-0.60,1.07,0.25,0.27,0.32,-17.52
0.00,-0.04,-0.99,1.50,-0.61,1.23,0.25,0.27,0.32,-17.78
0.01,-0.04,-0.98,1.39,-0.38,1.06,0.25,0.27,0.31,-17.52
0.01,-0.04,-0.99,1.31,-0.64,1.14,0.25,0.28,0.32,-17.78
0.01,-0.04,-0.99,1.41,-0.37,1.07,0.25,0.28,0.32,-17.52
0.01,-0.04,-0.98,1.54,-0.84,1.16,0.24,0.28,0.32,-17.78
0.00,-0.04,-0.99,1.51,-0.60,1.24,0.24,0.27,0.32,-17.26
0.01,-0.04,-0.98,1.34,-0.88,1.15,0.24,0.28,0.32,-17.52
0.00,-0.03,-0.99,1.24,-0.65,1.09,0.25,0.28,0.32,-17.78
0.01,-0.04,-0.96,1.34,-0.77,1.05,0.24,0.27,0.32,-17.26
0.00,-0.04,-0.98,1.29,-0.75,1.21,0.25,0.27,0.31,-17.00
0.00,-0.04,-0.98,1.22,-0.63,1.32,0.25,0.28,0.31,-16.48
0.01,-0.04,-0.98,1.23,-0.74,1.18,0.25,0.28,0.32,-17.26
0.01,-0.04,-0.98,1.45,-0.86,1.10,0.25,0.28,0.31,-17.52
0.01,-0.04,-0.99,1.37,-0.61,1.09,0.25,0.27,0.32,-17.52
0.01,-0.03,-0.99,1.49,-0.84,1.01,0.25,0.28,0.32,-17.78
0.01,-0.04,-0.98,1.62,-0.66,0.99,0.25,0.28,0.32,-17.52
0.01,-0.05,-0.99,1.48,-0.60,1.16,0.25,0.28,0.32,-17.78
0.01,-0.03,-0.99,1.51,-0.53,1.26,0.25,0.28,0.32,-17.26
0.01,-0.04,-0.99,1.75,-0.69,1.20,0.25,0.28,0.32,-17.52
0.01,-0.04,-0.99,1.33,-0.40,1.02,0.24,0.27,0.32,-17.52
0.00,-0.04,-0.99,1.44,-0.54,1.21,0.24,0.27,0.31,-17.52
0.00,-0.04,-0.98,1.59,-0.41,1.19,0.25,0.28,0.31,-17.52
0.01,-0.05,-0.98,1.52,-0.74,1.26,0.25,0.28,0.32,-17.52
0.01,-0.04,-0.99,1.20,-0.38,1.19,0.25,0.28,0.32,-17.52
0.00,-0.04,-0.99,1.37,-0.83,1.09,0.25,0.28,0.31,-17.78
0.01,-0.05,-0.99,1.32,-0.47,1.19,0.24,0.28,0.32,-17.52
0.00,-0.04,-0.98,1.05,-0.41,1.16,0.25,0.28,0.32,-17.78
0.01,-0.04,-0.99,1.44,-0.39,1.05,0.25,0.28,0.30,-17.52
0.01,-0.04,-0.99,1.49,-0.78,1.24,0.25,0.28,0.31,-17.26
0.00,-0.04,-0.98,1.84,-0.74,1.24,0.25,0.28,0.31,-17.52
0.01,-0.04,-0.99,1.41,-0.45,1.33,0.25,0.28,0.31,-17.52
0.01,-0.04,-0.99,1.15,-0.34,1.03,0.25,0.28,0.31,-17.52
0.01,-0.05,-0.98,1.43,-0.61,0.92,0.25,0.28,0.31,-17.52
0.00,-0.04,-0.98,1.37,-0.67,1.00,0.25,0.29,0.31,-17.78
0.00,-0.04,-0.98,1.55,-0.65,0.89,0.25,0.28,0.32,-17.52
0.01,-0.04,-0.98,1.41,-0.51,1.14,0.25,0.28,0.31,-17.78
0.00,-0.04,-0.99,1.49,-0.60,1.09,0.25,0.28,0.31,-17.52
0.00,-0.04,-0.99,1.64,-0.58,1.28,0.25,0.28,0.31,-17.78
0.01,-0.04,-0.99,1.58,-0.54,1.05,0.25,0.27,0.31,-17.78
0.00,-0.05,-0.97,1.20,-0.56,1.14,0.25,0.28,0.31,-17.26
0.01,-0.05,-0.99,1.51,-0.53,1.20,0.25,0.27,0.31,-17.52
0.00,-0.04,-0.98,1.61,-0.65,1.16,0.25,0.28,0.31,-17.52
0.00,-0.05,-0.99,1.48,-0.54,1.05,0.25,0.28,0.31,-17.52
0.01,-0.04,-0.99,1.58,-0.88,1.17,0.25,0.28,0.32,-17.78
-0.01,-0.03,-0.98,1.70,-0.55,1.08,0.25,0.28,0.31,-17.26
0.01,-0.04,-0.98,1.25,-0.63,1.08,0.25,0.28,0.32,-18.04
0.00,-0.05,-0.98,1.35,-0.56,1.19,0.25,0.28,0.31,-17.78
0.00,-0.04,-0.99,1.67,-0.74,1.16,0.25,0.28,0.31,-17.78
0.01,-0.04,-0.98,1.38,-0.74,1.07,0.25,0.27,0.30,-17.52
0.00,-0.04,-0.98,1.44,-0.66,1.05,0.24,0.28,0.31,-17.26
0.01,-0.04,-0.99,1.44,-0.82,1.11,0.24,0.28,0.30,-17.78
0.00,-0.04,-0.98,1.60,-0.60,1.23,0.24,0.28,0.31,-17.52
0.01,-0.04,-0.98,1.44,-0.74,1.20,0.25,0.28,0.31,-17.78
0.01,-0.04,-0.99,1.35,-0.55,0.99,0.25,0.28,0.31,-17.26
0.01,-0.04,-0.98,1.33,-0.69,1.18,0.25,0.28,0.31,-17.78
0.00,-0.05,-0.98,1.40,-0.54,1.18,0.25,0.28,0.31,-17.78
0.01,-0.04,-0.98,1.40,-0.50,1.19,0.25,0.28,0.31,-17.78
0.00,-0.04,-0.98,1.63,-0.49,1.00,0.25,0.27,0.32,-17.78
0.00,-0.05,-0.98,1.54,-0.41,1.09,0.25,0.27,0.31,-17.52
0.01,-0.04,-0.98,1.34,-0.38,1.09,0.25,0.27,0.31,-17.52
0.01,-0.04,-0.99,1.31,-0.54,1.17,0.25,0.27,0.32,-17.52
0.01,-0.04,-0.99,1.39,-0.60,1.01,0.25,0.27,0.31,-17.78
0.01,-0.04,-0.98,1.44,-0.61,1.15,0.25,0.28,0.32,-17.78
0.01,-0.04,-0.98,1.29,-0.67,1.34,0.25,0.28,0.32,-17.52
0.00,-0.04,-0.98,1.48,-0.61,1.23,0.25,0.28,0.31,-17.78
0.00,-0.04,-0.99,1.62,-0.68,1.17,0.25,0.28,0.31,-17.26
0.01,-0.04,-0.98,1.45,-0.62,1.09,0.25,0.28,0.31,-17.78
0.01,-0.04,-0.99,1.26,-0.63,1.15,0.24,0.28,0.30,-17.78
-0.01,-0.04,-0.99,1.40,-0.72,1.01,0.25,0.28,0.31,-17.52
0.01,-0.04,-0.99,1.32,-0.52,1.09,0.24,0.27,0.31,-17.78
0.00,-0.04,-0.98,1.58,-0.54,1.12,0.24,0.28,0.31,-17.52
0.01,-0.04,-0.98,1.65,-0.46,1.00,0.24,0.28,0.31,-17.52
0.01,-0.05,-0.99,1.29,-0.52,1.20,0.24,0.27,0.31,-17.26
0.01,-0.04,-0.98,1.58,-0.71,1.10,0.25,0.28,0.32,-17.78
0.01,-0.04,-0.99,1.33,-0.73,0.97,0.25,0.27,0.32,-18.30
0.01,-0.04,-0.98,1.41,-0.32,0.95,0.24,0.28,0.32,-17.52
0.01,-0.03,-0.98,1.44,-0.61,1.05,0.25,0.28,0.31,-17.52
0.01,-0.03,-0.99,1.60,-0.66,1.06,0.24,0.28,0.31,-17.78
0.00,-0.03,-0.98,1.42,-0.66,1.10,0.24,0.28,0.32,-17.78
0.01,-0.03,-0.98,1.50,-0.43,0.96,0.25,0.28,0.31,-17.52
0.00,-0.04,-0.97,1.50,-0.49,1.09,0.24,0.28,0.32,-17.52
0.01,-0.04,-0.99,1.32,-0.41,1.09,0.25,0.27,0.31,-17.78
0.00,-0.04,-0.98,1.40,-0.71,1.01,0.24,0.28,0.32,-17.26
0.01,-0.04,-0.98,1.30,-0.67,1.09,0.24,0.28,0.31,-17.52
0.01,-0.04,-0.99,1.55,-0.74,1.09,0.25,0.28,0.31,-17.52
0.00,-0.05,-0.99,1.60,-0.73,1.19,0.24,0.28,0.32,-17.52
0.00,-0.03,-0.98,1.35,-0.51,1.09,0.24,0.27,0.32,-17.52
0.00,-0.04,-0.98,1.43,-0.55,1.09,0.25,0.27,0.31,-17.52
0.00,-0.04,-0.98,1.34,-0.25,1.28,0.24,0.27,0.31,-17.52
0.00,-0.04,-0.98,1.44,-0.51,1.07,0.24,0.27,0.31,-17.52
0.00,-0.04,-0.99,1.61,-0.48,1.14,0.25,0.27,0.31,-17.26
0.01,-0.04,-0.99,1.46,-0.49,1.15,0.25,0.27,0.31,-17.52
0.01,-0.05,-0.98,1.79,-0.60,1.11,0.24,0.27,0.30,-17.52
0.01,-0.04,-0.98,1.56,-0.41,1.05,0.24,0.27,0.31,-17.26
0.00,-0.04,-0.99,1.50,-0.53,1.21,0.24,0.27,0.31,-17.52
0.00,-0.05,-0.98,1.45,-0.73,0.97,0.24,0.27,0.32,-17.52
0.01,-0.04,-0.99,1.25,-0.51,0.93,0.24,0.28,0.31,-17.26
0.00,-0.04,-0.99,1.49,-0.54,1.11,0.24,0.28,0.31,-17.52
0.00,-0.04,-0.99,1.84,-0.62,1.17,0.25,0.27,0.31,-16.74
0.01,-0.04,-0.98,1.62,-0.36,1.13,0.25,0.27,0.31,-17.78
0.00,-0.04,-0.99,1.53,-0.53,1.11,0.24,0.28,0.30,-17.78
0.00,-0.03,-0.99,1.39,-0.73,1.21,0.25,0.28,0.31,-17.26
0.01,-0.04,-0.98,1.37,-0.42,1.03,0.24,0.28,0.31,-17.26
0.00,-0.04,-0.99,1.14,-0.45,0.90,0.24,0.28,0.31,-17.52
0.00,-0.04,-0.98,1.44,-0.52,1.15,0.25,0.28,0.31,-17.26
0.00,-0.04,-0.98,1.30,-0.49,1.18,0.25,0.28,0.31,-17.26
0.01,-0.04,-0.99,1.39,-0.69,1.17,0.25,0.27,0.32,-17.52
0.01,-0.04,-0.97,1.53,-0.72,1.04,0.25,0.27,0.31,-17.52
0.01,-0.04,-0.99,1.44,-0.58,1.12,0.24,0.28,0.31,-17.52
0.00,-0.04,-1.00,1.23,-0.32,1.00,0.24,0.28,0.31,-17.52
0.01,-0.04,-0.98,1.37,-0.39,1.36,0.25,0.27,0.31,-17.52
0.01,-0.04,-0.98,1.50,-0.58,1.28,0.24,0.28,0.31,-17.78
0.01,-0.04,-0.98,1.50,-0.83,1.09,0.25,0.28,0.31,-17.52
0.01,-0.04,-0.99,1.38,-0.67,1.14,0.25,0.28,0.31,-17.26
0.00,-0.04,-0.98,1.78,-0.70,1.26,0.24,0.27,0.31,-17.26
0.01,-0.03,-0.99,1.37,-0.56,1.08,0.24,0.27,0.31,-17.78
0.00,-0.03,-0.98,1.44,-0.33,1.04,0.24,0.27,0.30,-17.26
0.00,-0.04,-0.99,1.27,-0.51,1.18,0.25,0.28,0.31,-17.52
0.00,-0.04,-0.98,1.17,-0.46,1.13,0.25,0.28,0.31,-17.52
0.01,-0.04,-0.99,1.41,-0.52,1.14,0.24,0.27,0.31,-17.52
0.00,-0.04,-0.99,1.45,-0.64,0.93,0.25,0.27,0.31,-17.26
0.01,-0.04,-0.98,1.28,-0.62,1.16,0.24,0.27,0.32,-17.26
0.01,-0.04,-0.98,1.49,-0.42,1.01,0.25,0.27,0.31,-17.26
0.00,-0.05,-0.99,1.44,-0.47,1.18,0.25,0.28,0.31,-17.26
0.00,-0.04,-0.99,1.18,-0.66,1.12,0.24,0.27,0.31,-17.52
0.01,-0.05,-0.98,1.23,-0.53,1.15,0.25,0.28,0.30,-17.52
0.01,-0.05,-0.99,1.37,-0.60,1.10,0.25,0.27,0.31,-17.78
0.01,-0.04,-0.99,1.31,-0.32,1.22,0.25,0.28,0.32,-17.26
0.01,-0.04,-0.98,1.44,-0.43,1.11,0.25,0.28,0.31,-17.52
0.00,-0.04,-0.99,1.37,-0.55,1.12,0.26,0.28,0.31,-17.78
0.01,-0.04,-0.98,1.50,-0.62,1.21,0.25,0.28,0.31,-17.26
0.00,-0.04,-0.97,1.29,-0.74,0.96,0.25,0.28,0.31,-17.78
0.01,-0.05,-0.99,1.49,-0.74,1.07,0.25,0.28,0.31,-17.52
0.00,-0.05,-0.99,1.33,-0.65,1.09,0.25,0.28,0.32,-17.26
0.01,-0.04,-0.98,1.26,-0.48,1.16,0.25,0.28,0.31,-17.26
0.01,-0.05,-0.99,1.49,-0.81,1.24,0.24,0.27,0.30,-17.78
0.00,-0.04,-0.98,1.58,-0.62,1.30,0.25,0.27,0.31,-17.78
0.00,-0.04,-0.99,1.32,-0.58,0.94,0.24,0.27,0.31,-17.26
0.01,-0.04,-0.98,1.37,-0.61,1.09,0.25,0.27,0.31,-17.78
0.01,-0.04,-0.98,1.07,-0.65,1.09,0.25,0.28,0.31,-17.26
0.00,-0.04,-0.98,1.41,-0.52,1.03,0.25,0.27,0.31,-17.52
0.01,-0.04,-0.98,1.44,-0.63,1.32,0.25,0.27,0.31,-17.26
0.00,-0.04,-0.99,1.30,-0.53,1.12,0.24,0.27,0.32,-17.52
0.01,-0.04,-0.99,1.51,-0.63,1.20,0.25,0.27,0.31,-17.52
0.00,-0.04,-0.98,1.39,-0.53,1.09,0.25,0.27,0.31,-17.52
0.00,-0.04,-0.99,1.30,-0.32,1.01,0.25,0.27,0.31,-17.78
0.01,-0.04,-0.99,1.54,-0.51,1.10,0.25,0.27,0.31,-17.26
0.00,-0.04,-0.98,1.66,-0.52,1.39,0.24,0.28,0.32,-17.52
0.00,-0.04,-0.99,1.38,-0.44,1.07,0.25,0.28,0.31,-17.52
0.01,-0.05,-0.98,1.31,-0.53,0.99,0.25,0.27,0.32,-17.78
0.01,-0.04,-0.99,1.65,-0.42,1.14,0.25,0.28,0.32,-17.26
0.01,-0.04,-0.99,1.42,-0.52,1.15,0.25,0.27,0.32,-17.52
0.01,-0.04,-0.98,1.76,-0.45,1.15,0.25,0.27,0.31,-17.26
0.01,-0.03,-1.00,1.39,-0.35,0.94,0.24,0.28,0.32,-17.26
0.00,-0.04,-0.99,1.52,-0.49,1.13,0.25,0.27,0.31,-17.52
0.01,-0.05,-0.97,1.55,-0.34,1.26,0.25,0.27,0.31,-17.26
0.01,-0.04,-0.99,1.41,-0.57,1.12,0.24,0.27,0.32,-17.52
0.01,-0.04,-0.99,1.58,-0.49,1.09,0.25,0.27,0.31,-17.52
