0.11	2.94	1.28	56.26	-10.17	1.46	0.15	0.31	0.18	26.3
0.41	-2.62	2.37	47.68	-0.38	-7.3	0.14	0.31	0.17	26.3
1.47	4.66	-3.93	53.03	-2.84	11.49	0.14	0.32	0.18	26.3
0.8	-0.87	-2.1	78.79	-8.1	12.06	0.14	0.32	0.17	26.3
-4.26	-2.22	0.37	41.34	19.66	12.59	0.15	0.3	0.17	26.83
0.25	2.19	-4.19	5.21	-1.78	20.14	0.16	0.28	0.19	26.83
0.38	-2.99	-0.04	-4.67	9.81	19.81	0.17	0.28	0.18	26.83
0.14	-0.26	-1.54	-9.01	-1.48	-1.64	0.17	0.29	0.17	26.83
0.35	-0.07	0.09	-12.36	-11.25	2.63	0.17	0.3	0.18	26.83
3.43	4.79	-4.8	-98.58	-14.28	11.76	0.17	0.3	0.17	26.83
-2.56	0.22	-1.64	25.16	8.32	-1.66	0.17	0.3	0.18	26.83
-0.58	0.48	-0.76	-78.1	-5.21	-9.22	0.17	0.29	0.18	26.57
-3.1	-1.82	0.22	-41.77	-8.31	13.07	0.17	0.29	0.18	26.83
-1.95	-0.26	-2.97	-17.92	-16.64	4.54	0.17	0.29	0.17	26.83
3.89	-2.57	1.53	51.77	13.27	11.42	0.17	0.29	0.18	26.83
-2.43	-4.73	1.82	45.36	-18.46	4.34	0.17	0.29	0.18	26.83
1.04	-2.78	2.07	57.42	-10.05	3.41	0.17	0.29	0.18	26.83
0.89	-4.14	0.19	62.92	5.5	25.99	0.17	0.29	0.19	27.09
3.6	2.32	-0.27	7.48	-15.69	-4.38	0.17	0.29	0.18	27.09
-1.53	-2.5	2.86	58.66	5.46	5.36	0.17	0.29	0.18	27.09
0.53	-0.81	1.01	-16.25	-8.87	-1.84	0.17	0.29	0.18	27.09
0.35	-3.08	1.03	-85.86	10.71	5.41	0.17	0.29	0.18	27.09
1.89	3.92	-4.07	3.6	-18.41	-9.12	0.17	0.28	0.19	27.09
-4.47	-3.67	-3.97	34.64	-0.11	16.43	0.17	0.28	0.18	27.09
-1.53	-1.7	-0.11	1.84	-7.49	8.72	0.17	0.28	0.18	27.09
2.04	0.92	-2.42	-11.81	-12.92	-2.22	0.17	0.29	0.18	27.09
-0.78	-0.81	-0.62	36.41	-22.22	5.81	0.18	0.28	0.18	26.83
3.6	2.2	-4.81	32.52	-6.18	-11.93	0.18	0.29	0.19	26.83
-1.2	-2.58	-2.52	14.01	-2.77	-6.69	0.17	0.29	0.18	27.09
1.55	2.46	-0.51	-59.98	8.32	13	0.17	0.28	0.19	26.83
-2.63	-2.88	1.13	20.84	0.63	1.61	0.17	0.28	0.18	26.83
2.21	3.01	-2.07	-20	-23.03	-11.44	0.18	0.28	0.19	26.83
-0.7	-2.45	0.31	-10.45	-14.47	2.66	0.18	0.29	0.18	26.83
-0.74	-0.23	-1.17	-45.41	3.68	4.48	0.18	0.28	0.17	26.83
5.14	1.4	-3.92	66.91	-5.57	-11.82	0.18	0.29	0.18	26.83
-0.26	-0.3	-2.31	25.36	15.45	18.21	0.19	0.28	0.17	26.57
-0.65	-1.65	-0.93	3.38	-1.65	10.37	0.18	0.27	0.18	26.83
-2.04	-2.29	-0.5	-32.7	-2.28	-4.24	0.18	0.27	0.17	26.83
0.28	-0.48	0.9	39.75	4.87	8.02	0.18	0.28	0.17	26.83
-0.51	-0.77	-0.86	-27.86	1.79	6.96	0.17	0.28	0.17	26.83
0.96	-0.85	0.28	-20.54	0.36	11.91	0.18	0.3	0.18	26.57
-1.67	-1.56	-1.59	-83.65	1.98	8.52	0.17	0.3	0.17	26.57
2.76	-8.16	1.98	95.5	-12.81	5.68	0.18	0.3	0.17	26.83
-1.52	-0.71	-0.6	81.49	-21.98	-2.42	0.18	0.3	0.18	26.04
-0.22	4.22	-7.09	4.22	-12.52	3.26	0.17	0.29	0.18	25.78
-0.18	-0.49	-7.68	-1.5	-17.81	0	0.18	0.27	0.18	25.78
-1.44	-6.64	-2.97	38.18	-9.06	3.89	0.18	0.28	0.19	25.78
1.38	0.72	-2.54	-20.55	14.65	5.77	0.16	0.29	0.17	26.04
-0.9	-1.76	-2.39	-39.8	4.59	24.39	0.18	0.3	0.17	26.04
-2.71	-0.48	-1.81	-18.81	31.65	0.17	0.17	0.29	0.18	25.78
-0.72	-0.46	1.05	-37.95	-15.42	12.16	0.18	0.29	0.17	25.78
0.26	-1.85	-0.73	27.41	-7.32	3.12	0.17	0.3	0.17	25.78
-1.35	-0.31	-1.4	55.4	-6.34	1.93	0.16	0.3	0.18	25.78
1.01	-5.66	2.76	-59.61	-13.73	9.43	0.17	0.3	0.18	25.78
-0.51	-2.53	1.78	102.57	-17.31	6.08	0.16	0.3	0.18	25.78
0.49	0.41	-1.78	77.89	-9.32	-3.6	0.16	0.29	0.18	25.78
-2.81	-0.66	-0.99	51.55	-5.18	-5.79	0.17	0.3	0.17	25.78
2.01	1.44	-0.69	-0.29	21.75	3.61	0.16	0.3	0.17	25.78
1.06	2.09	-1.75	3.33	-4.75	14.1	0.16	0.3	0.17	25.78
1.24	-0.25	-0.22	-19.48	19.78	8.18	0.16	0.3	0.17	25.78
-1.04	-2.05	-1.55	-35.38	-2.92	-0.06	0.16	0.3	0.17	25.52
4.1	-2.72	0.02	20.4	-11.56	-6.42	0.16	0.29	0.17	25.78
-3.74	-1.85	0.99	-51.08	-28.23	1.24	0.17	0.29	0.17	25.52
-2.3	-0.43	-1.13	23.13	2.56	-6.2	0.17	0.29	0.18	25.52
-8.08	-5.3	-0.37	14.36	-5.42	-2.16	0.17	0.3	0.19	25.52
-0.02	-1.99	2.17	95.33	-9.96	-5.84	0.18	0.3	0.18	25.78
-2.59	4.36	1.79	10.02	-31.75	-7.18	0.17	0.29	0.17	25.78
-0.58	0.75	-2.4	-70.23	19.49	5.44	0.17	0.3	0.18	25.78
4.58	1.28	-1.96	28.31	-0.2	-4.24	0.17	0.29	0.19	25.52
2.51	1.45	-2.82	-50.72	-13.46	0.38	0.16	0.3	0.18	25.52
-2.5	-0.92	-1.97	-77.18	-13.34	11.95	0.17	0.29	0.18	25.52
2.05	2.78	2.09	111.59	-11.03	9.25	0.16	0.28	0.18	25.52
-1.63	-0.65	-0.17	-57.83	15.15	10.8	0.17	0.29	0.18	25.52
-0.48	-0.45	-1.41	-38.61	12.66	-1.89	0.17	0.29	0.18	25.52
-3.12	0.44	-0.89	-62.69	12.43	-5.5	0.17	0.29	0.18	25.52
-1.6	-2.99	2.31	3.01	-25.26	-2.78	0.17	0.28	0.17	25.52
1.57	3.82	-6.67	-63.21	-16.69	0.4	0.18	0.27	0.18	25.52
-0.1	-0.37	-0.7	18.87	13.69	12.15	0.16	0.28	0.18	25.52
1.31	-0.04	-0.59	2.13	-3.62	-0.52	0.17	0.28	0.18	25.52
-0.48	-0.44	-2.56	-13.24	15.59	8.09	0.17	0.3	0.17	25.52
2.46	4.69	-2.68	-20.46	7.8	4.93	0.17	0.3	0.17	25.52
-0.2	0.92	-0.91	4.63	2.79	5.65	0.18	0.31	0.16	25.52
0.72	-1.07	-1.08	-67.06	0.67	8.48	0.17	0.31	0.15	25.52
-1.75	0.8	0.45	4.47	-11.99	-4.41	0.17	0.31	0.16	25.52
1.5	2.7	0.04	2.85	-16.03	10.05	0.17	0.32	0.16	25.52
-3.19	-0.36	-2.49	-45.3	12.85	5.83	0.17	0.33	0.15	25.52
0.42	-0.23	-1.17	5.87	0.7	-9.71	0.16	0.33	0.15	25.52
0.16	-1.08	-1.67	-20.45	1.87	8.41	0.16	0.33	0.15	25.26
-0.49	-0.44	-0.92	3.27	-33.13	-13.44	0.16	0.33	0.15	25.26
0.28	-0.68	-0.83	9.94	12.5	14.59	0.16	0.33	0.16	25.52
6.3	1.35	-1.93	24.75	-15.62	-0.82	0.15	0.33	0.15	25.52
1.96	-1.45	-0.16	-28.77	1.92	10.13	0.16	0.33	0.15	25.52
1.67	0.63	-1.84	0.81	-14.57	-2.91	0.16	0.33	0.17	25.26
0.01	-0.26	-0.92	30.1	7.9	6.48	0.16	0.3	0.18	25.26
2.62	2.07	-2.16	31.55	3.07	-1.64	0.15	0.28	0.2	25.26
2.82	0.69	-0.82	111.09	-8.7	-0.32	0.14	0.26	0.21	25.26
3.8	0.01	0.49	49.99	-7.4	-11.23	0.16	0.26	0.2	25.26
-0.41	2.49	-2.76	-9.99	-6.15	3.05	0.16	0.26	0.2	25.26
-0.31	1.45	-2.78	33.8	13.73	6.25	0.16	0.27	0.19	25.26
1.74	1.16	-0.75	17.25	-3.18	5.69	0.17	0.25	0.2	25.26
-0.75	-0.86	-2.09	-45.9	-12.46	-2.81	0.17	0.24	0.2	25.26
1.23	-0.14	-2.16	26.06	-9.14	-0.56	0.18	0.27	0.19	25.26
3.33	-0.37	0.48	-5.19	-6.69	5.09	0.19	0.29	0.18	25
0.73	-3.55	-0.71	7.74	11.67	-4.03	0.2	0.29	0.18	25.26
-4.26	-2.33	0.9	34.98	8.72	7.44	0.21	0.29	0.17	25.26
-6.83	4.5	-1.18	-66.94	-11.4	3.4	0.21	0.29	0.18	25.26
0.25	0.78	-0.57	-15.2	5.51	4.66	0.18	0.28	0.19	25.26
-0.49	0.5	0	-61.15	12.85	17.44	0.16	0.26	0.19	25.26
0.32	-1.25	-1.64	5.71	-18.69	-7.05	0.17	0.26	0.19	25.26
-0.73	-0.68	0.31	44.14	-4.16	-1.03	0.17	0.26	0.19	25.78
1.11	-0.26	-1.13	-4.46	-15.35	-1.62	0.17	0.26	0.2	25.26
-7.02	-2.49	-2.69	-4.44	-23.97	-3.81	0.17	0.26	0.2	25.52
-0.77	3.23	1.27	23	-4.47	11.17	0.18	0.26	0.2	25
-0.47	-3.44	-2.64	46.54	-1.44	-12.82	0.18	0.25	0.2	25
-1.55	8.19	2.99	-78.9	-20.14	6.97	0.18	0.26	0.2	25
-1.13	-3.99	-1.2	15.82	-18.52	7.56	0.19	0.26	0.18	25
1.9	-0.38	-1.91	16.48	-7.32	11.43	0.19	0.26	0.18	25.26
0.44	1	-0.6	10.57	-19.21	-9.43	0.19	0.27	0.18	25
0.2	-3.93	-0.34	-11.95	21.37	6.7	0.19	0.28	0.18	24.74
1.76	4.76	1.29	-76.77	-20.56	-9.77	0.18	0.3	0.17	24.74
1.37	-7.49	-7.29	6.22	-2.06	28.47	0.19	0.31	0.16	24.74
-5.3	2.9	2.71	-11.45	-14.79	-8.73	0.19	0.33	0.16	24.74
-3.19	-0.87	-4.88	-47.2	13.71	-7.2	0.19	0.33	0.14	24.74
1.98	-1.83	-1.44	82.83	-9.09	-2.61	0.19	0.33	0.14	24.74
1.91	-2.12	-1.12	45.7	7.42	8.73	0.19	0.33	0.15	24.48
-0.7	-1.34	1.26	-16.49	18.1	6.67	0.17	0.33	0.15	24.74
0.85	3.55	-3.23	51.63	-8.14	-2.66	0.17	0.33	0.15	24.48
-4.22	-2.62	0.08	-41.61	11.89	19.27	0.18	0.31	0.16	24.74
0.8	1.19	4.36	-11.8	-1.87	41.96	0.19	0.29	0.18	24.48
0.29	-3.56	3.74	-3.03	-31.28	17.65	0.24	0.27	0.17	24.48
2.21	2.95	-0.22	59.82	-3.64	4.59	0.25	0.26	0.17	24.48
-0.37	2.85	-0.86	-9.77	-19.52	-13.83	0.24	0.26	0.17	24.48
-1.52	0.22	-0.73	-28.38	1.82	-17.67	0.23	0.26	0.17	24.48
-4.74	-2.06	0.37	-37.31	-20.34	-0.45	0.23	0.26	0.18	24.48
-0.51	-1.51	-0.64	12.63	-16.79	0.72	0.22	0.27	0.18	24.48
-1.11	0.43	-0.54	0.98	14.01	-1.65	0.21	0.27	0.17	24.48
-1.23	-0.18	-3.96	-59.49	-6.18	18.89	0.22	0.26	0.17	24.48
1.36	0.32	-1.67	27.95	-4.75	-5.83	0.21	0.26	0.18	24.48
0.57	2.68	-2.66	-4.78	-4.82	-1.94	0.21	0.26	0.18	24.48
0.1	-0.78	-0.97	-29.23	9.48	7.52	0.2	0.26	0.18	24.48
-2.55	-0.19	-0.95	53.62	1.62	-4.38	0.19	0.26	0.18	24.22
-0.89	-1.72	-0.73	1.44	4.24	19.33	0.2	0.26	0.18	24.48
-2.83	-3.33	1.35	-32.65	11.23	2.04	0.21	0.25	0.19	24.48
-1.13	-1.09	-1.68	-9.39	-13.48	19.37	0.22	0.25	0.2	24.48
1.25	-1.43	-1.52	71.24	-7.32	8.83	0.22	0.25	0.19	24.48
3.19	3.83	-0.83	9.68	-28.78	15.12	0.23	0.24	0.19	24.48
1.39	0.78	-0.8	-16.84	-17.7	15.06	0.26	0.24	0.18	24.48
0.45	-3.58	2.12	-2.5	-10.11	7.56	0.26	0.24	0.17	24.48
0.8	3.12	-1.85	-115.32	-27.59	3.54	0.27	0.25	0.17	24.48
0.81	2.83	-0.32	-13.99	-16	-1.78	0.28	0.25	0.17	24.48
-1.04	-2.09	-1.1	83.3	-27.35	1.81	0.29	0.25	0.16	24.48
-0.91	3.74	-4.49	16.76	8.65	-4.09	0.29	0.25	0.16	24.48
-0.12	-2.09	-0.8	-9.35	11.17	-6.85	0.28	0.26	0.15	24.48
-4.31	-2.91	-0.3	-120.63	4.59	4.96	0.28	0.26	0.16	24.48
5.59	0.93	1.35	49.06	-7.83	10.88	0.28	0.27	0.15	24.48
-3.71	-0.63	-3.67	40.5	-17.1	-24.14	0.28	0.26	0.15	24.48
1.26	-1.58	-2.34	-52.42	-2.91	13.42	0.29	0.26	0.15	24.48
-2.28	-1.94	-1.28	5.82	-0.53	-1.07	0.29	0.27	0.14	24.22
-1.54	-3.12	0.48	51.08	61.15	-11.93	0.26	0.27	0.15	24.22
-2.62	-3.47	-0.7	-29.46	43.51	0.16	0.21	0.28	0.18	24.48
3.61	-3.4	-2.52	11.93	0.61	-17.81	0.17	0.28	0.19	24.22
4.61	-0.56	-2.43	-28.95	-20.63	-3.43	0.15	0.28	0.19	24.22
0.51	-2.25	2.77	29.12	33.16	9.68	0.15	0.28	0.19	24.22
0.38	-3.88	-1.89	16.69	10.83	14.76	0.14	0.27	0.19	24.48
-0.57	-0.32	-1.6	50.42	-17.83	0.7	0.16	0.27	0.19	24.22
1.65	1.5	0.61	-22.57	4.37	8.01	0.17	0.26	0.18	24.22
1	0.98	-0.98	8.56	-13.25	-4.15	0.18	0.27	0.19	24.22
-2.5	-3.46	-2.71	22.84	0.56	1.39	0.19	0.26	0.18	24.22
-4.81	-3.95	-0.1	12.24	-32.9	2.53	0.23	0.26	0.19	24.22
0.36	0.94	-1.31	0.36	3.16	6.12	0.24	0.25	0.18	24.22
-0.32	-0.77	1.05	-2.57	10.74	7.22	0.22	0.25	0.18	24.22
-3.47	0.31	-6.96	-11.59	13.99	12.68	0.21	0.25	0.19	24.22
3.76	3.19	-1.86	-86.22	10.08	13.97	0.2	0.24	0.19	24.22
-1.92	5.88	-5.31	74.53	0.69	5.88	0.2	0.25	0.2	25
3.42	5.57	-4.07	38.75	15.57	16.61	0.21	0.25	0.18	25
-1.78	1.05	-1.67	-30.84	10.61	-0.32	0.2	0.25	0.19	25
-2.25	-5.18	-1.5	-69.56	25.42	-1.16	0.19	0.26	0.2	25
2.61	1.29	-1.47	-35.6	3.15	12.84	0.16	0.26	0.2	24.74
-0.91	-1.9	-0.19	4.41	1.29	2.63	0.17	0.25	0.2	25.26
1.48	-0.93	-1.52	11.25	-15.04	-6.02	0.17	0.25	0.2	25.26
0.23	0.74	-0.62	-28.45	-4.78	16.42	0.19	0.25	0.2	25.26
-0.99	-5.3	1.91	-18.69	2.41	-1.13	0.19	0.24	0.2	25
-1.28	0.32	-1.81	28.77	4.19	-12.03	0.19	0.24	0.21	24.22
1.26	1.27	1	-31.54	3.93	9.11	0.19	0.24	0.2	24.22
6.1	3.77	-0.88	-6.11	-7.25	-11.72	0.19	0.24	0.2	24.22
0.69	3.65	-3.56	35.07	-1.11	0.41	0.2	0.23	0.21	24.22
0.39	-3.56	0.5	-17.01	-11.99	-2.99	0.2	0.23	0.2	24.22
-1.83	-6.39	1.15	-23.48	7.98	-10.52	0.2	0.23	0.2	24.22
-2.92	-5.47	1.32	-54.24	5.3	9.08	0.2	0.24	0.21	24.22
4.17	0.13	-2.62	-12.13	-1.08	-5.99	0.19	0.24	0.21	24.22
-2.7	0.76	-5.83	-24.8	11.1	-14.69	0.19	0.24	0.2	24.74
1.58	-4.48	1.51	-75.8	-20.6	12.01	0.19	0.24	0.21	24.22
4.78	-3.15	1.31	-3.6	23.55	-10.91	0.19	0.22	0.21	25
-3.07	-1.8	-1.41	31.05	-9.08	37.7	0.19	0.23	0.2	25
2.03	1.14	-2.58	-53.02	-31.77	-5.73	0.19	0.23	0.2	24.22
0.99	2.99	-0.85	16.37	-14.21	-0.25	0.2	0.24	0.2	23.96
2.29	-2.94	-0.34	107.55	-4.82	5.25	0.2	0.23	0.2	23.96
3.94	-0.02	-2.41	46.27	24.03	8.93	0.2	0.23	0.21	23.96
1.84	-2.04	-2.26	-21.46	-5.28	15.8	0.2	0.23	0.2	24.22
-0.43	-1.17	-0.08	67.14	-3.05	15.26	0.21	0.23	0.19	23.96
1.48	-2.81	-1.34	44.46	-14.1	-10.49	0.21	0.23	0.19	23.96
-1.9	5.28	-3.74	-14.58	19.42	16.81	0.21	0.24	0.2	23.96
-3.52	1.13	-1.64	1.58	-23.29	-2.07	0.22	0.24	0.2	23.96
2.12	-0.63	1.09	116.65	-14.1	2.73	0.24	0.23	0.18	23.96
-0.1	-4.81	-7.92	128.13	-24.71	13.35	0.26	0.25	0.17	23.96
-0.15	1.15	-0.94	-78.44	0.14	-6.63	0.26	0.27	0.17	23.96
-3.24	-1.39	-2.38	-76.12	1.78	10.67	0.25	0.27	0.17	23.96
-0.45	-1.57	-6.95	40.15	-15.77	-0.45	0.25	0.28	0.16	23.96
-5.98	-3.09	-1.05	-1.47	20.61	30.39	0.25	0.28	0.16	23.7
-3.15	2.16	-8.95	22.79	-23.81	5.97	0.24	0.28	0.17	23.7
0.8	0.98	-1.62	9.12	-0.2	4.11	0.22	0.28	0.17	23.7
-1.1	1.83	-0.38	30.45	-13.23	4.5	0.22	0.29	0.17	23.7
1.03	1.57	-1.93	-25.22	1.17	10.81	0.22	0.29	0.18	23.7
-0.12	-1.88	0.71	-1.14	-7.11	-1.27	0.23	0.26	0.18	23.96
-1.66	-1.95	-0.93	21.24	16.64	12.3	0.23	0.25	0.19	23.96
-1	0.2	-1.41	-26.44	-3.48	12.98	0.22	0.25	0.19	23.96
-2.69	-1.15	-0.41	32.65	2.19	5.38	0.22	0.27	0.18	23.96
-0.69	-1.49	-0.71	-10.81	-0.39	-6.84	0.22	0.29	0.16	23.96
-1.14	2.28	-2.29	-51.97	-18.86	14.74	0.23	0.3	0.16	23.96
0.63	0.22	-0.46	10.14	-17.57	-4.78	0.24	0.29	0.15	23.96
0.81	0.72	-0.59	-3.48	3.85	-0.97	0.24	0.3	0.15	23.96
-0.52	-1.94	-0.6	27.91	-14.2	-10.35	0.23	0.31	0.14	23.96
-0.14	-3.25	0.33	58.08	-17.41	-9	0.24	0.31	0.15	23.96
-0.63	-0.33	-0.02	18.45	-16.28	-1.14	0.24	0.31	0.15	23.96
-0.41	-1.91	-0.09	-43.5	-5.6	-1.91	0.24	0.32	0.14	23.96
0.47	2.36	-3.1	-34.47	-4.58	-2.65	0.23	0.34	0.12	23.96
-0.12	0.82	-4.79	14.18	-11.89	-15.2	0.22	0.35	0.11	23.96
-1.33	2.63	-1.37	-50.18	-16.58	11.24	0.24	0.35	0.1	25
-0.32	-0.61	1.72	57.39	5.54	-9.49	0.24	0.35	0.1	25
0.19	-1.22	5.11	-12.51	3.11	4.1	0.23	0.36	0.11	24.74
-1.67	-1.53	-0.64	55.77	24.61	-19.27	0.15	0.32	0.16	25
1.28	-0.64	1.7	55.72	16.25	5.44	0.16	0.31	0.19	23.96
0.73	1.82	-0.47	-99.16	10.96	26.96	0.15	0.3	0.19	23.96
-1.26	-0.03	1.32	-139.21	16.21	68.12	0.17	0.29	0.2	23.7
-2.06	0.68	4.61	64.57	18.23	65.2	0.2	0.25	0.21	24.48
-1.17	-0.8	-3.18	-4.6	17.32	46.97	0.22	0.21	0.2	23.7
-0.59	2.17	-1.94	48.83	4.01	48.19	0.23	0.17	0.22	23.96
0.63	-1.85	-0.12	-40.36	-4.47	56.61	0.24	0.12	0.21	23.43
1.18	1.84	-2.49	2.43	-0.32	63.15	0.25	0.08	0.21	23.96
-2.62	1.91	-5.5	25.14	30.87	33.56	0.21	0.05	0.22	23.43
1.39	-3.3	-0.18	-7.28	15.88	45.61	0.17	0.03	0.22	23.43
1.44	-5.72	1.12	25.52	4.3	6.21	0.14	0.02	0.23	23.7
1.04	3.07	3.17	110.63	11.02	20.98	0.12	0	0.23	23.7
-2.36	4.94	-5.86	-28.57	-26.66	-20.58	0.12	-0.01	0.23	23.43
-3.3	-3	0.61	-20.12	-4.2	-6.46	0.12	0.02	0.22	23.43
-1.29	-4.71	-4.01	-39.4	9.98	20.52	0.11	0.02	0.23	23.43
0.31	-2.65	-1.02	7.54	-6.43	0.9	0.12	-0.01	0.22	23.7
1.29	-1.29	1.27	-34.29	20.6	7.68	0.12	-0.04	0.21	23.7
-0.55	-3.09	-2.62	11.5	-1	-14.43	0.12	-0.04	0.21	23.7
3.45	-0.74	0.82	-16.57	-5.07	7.58	0.12	-0.04	0.21	23.43
-3.82	-4.56	1.48	-36.01	-6.82	-10.07	0.12	-0.04	0.21	23.43
2.01	2.7	-5.05	5.64	10.08	32.39	0.13	-0.04	0.22	23.43
-0.05	-2.43	-1.17	-5.57	7.92	18.3	0.12	-0.04	0.21	23.43
-1.01	-1.29	-1.29	-47.71	0.79	14.29	0.12	-0.04	0.2	23.43
-3.08	-1.62	0.91	3.61	-12.96	-7.42	0.12	-0.05	0.2	23.43
1.4	0.81	-0.86	-10.18	-8.57	-10.78	0.12	-0.05	0.2	23.43
3.66	1.35	-1.29	-22.89	-53.55	11.56	0.17	-0.05	0.2	23.43
2.52	2.79	-4.24	2.03	-12.68	-5.92	0.2	-0.04	0.19	23.43
1.49	1.45	1.09	25.87	22.18	-1.05	0.14	-0.06	0.2	23.43
0.62	-2.14	-3.44	-28.09	9.02	13.73	0.14	-0.08	0.2	23.43
-1.31	-4.13	0.24	25.52	1.77	0.13	0.13	-0.08	0.19	23.43
-3.84	2.05	-0.51	62.96	-4.41	-9.11	0.14	-0.09	0.18	23.43
8.54	5.85	-3.07	22.07	-25.53	-9.05	0.15	-0.08	0.19	23.43
-5.47	-3.07	-2.87	-33.26	-0.96	-20.6	0.15	-0.06	0.2	23.43
0.11	-2.82	1.02	13.25	-15.96	4.92	0.16	-0.03	0.21	23.43
0.9	-4.23	2.51	-66	7.19	-10.26	0.16	-0.01	0.22	24.48
-1.19	-0.51	-4.24	59.48	40.21	0.87	0.1	-0.02	0.22	23.43
-2.29	-2.3	1.43	-21.04	29.64	-9	0.09	-0.03	0.22	23.17
-4.57	-5.32	-1.47	31.02	-18.13	-7.05	0.1	-0.03	0.22	23.43
0.99	-0.21	0.83	-7.03	-3.82	11.38	0.1	-0.04	0.21	23.43
0.63	-1.61	1.65	-47.63	-12.09	5.29	0.1	-0.04	0.22	23.43
0.38	1.54	-4.24	20.82	4.62	13.25	0.1	-0.05	0.2	23.17
-0.9	-0.72	0.9	78.61	-10.75	-3.33	0.1	-0.06	0.2	23.17
-0.66	-1.33	-4.3	16.27	2.72	2.57	0.09	-0.06	0.2	23.17
3.53	-2.5	1.19	88.56	-4.81	-19.81	0.09	-0.06	0.2	23.43
3.73	-1.25	-0.48	11.4	-27.69	1.34	0.08	-0.06	0.2	23.43
-1.14	-2.29	-2.42	15.86	-11.92	-6.21	0.07	-0.05	0.2	23.17
1.02	-0.62	-0.08	5.99	16.14	-0.65	0.08	-0.06	0.2	23.17
0.86	-2.64	3.01	36.98	-27.26	-1.29	0.08	-0.07	0.2	23.17
-0.91	0.5	-3.52	-14.69	-20.73	-4.34	0.09	-0.06	0.2	23.17
-3.08	-0.79	-2.02	35.51	-38.26	17.47	0.14	-0.06	0.19	23.17
0.9	5.2	-6.98	-18.71	-24.07	3.95	0.16	-0.06	0.19	22.91
1.67	0.9	-0.35	-7.98	-13.61	-0.17	0.18	-0.06	0.19	22.91
-1.52	-1.27	-6.32	-83.19	18.04	19.58	0.19	-0.07	0.18	23.17
2.77	-0.25	-1.59	-43.44	-3.04	-11.97	0.18	-0.07	0.18	22.91
3.2	-2.07	0.86	-19.75	6.56	9.9	0.18	-0.07	0.18	22.91
-2.6	3.33	-3.41	-8.86	2.16	31.4	0.17	-0.08	0.18	22.91
-1.39	-0.3	0.02	-14.69	-19.09	21.18	0.15	-0.08	0.19	22.91
-0.2	-0.91	-0.05	31.33	-7.78	30.51	0.12	-0.08	0.19	22.91
4.34	2.13	-2.28	32.45	-13.46	23.37	0.1	-0.08	0.19	22.91
1.21	0.87	1.2	-14	22.92	11.88	0.07	-0.09	0.19	22.91
-0.53	1.39	-5.44	-20.77	10.33	38.19	0.06	-0.07	0.21	22.91
-2.42	-2.33	-2.01	-29.4	15.95	19.26	0.05	-0.05	0.2	22.91
2.57	2.35	-1.2	-20.66	-27.33	-6.79	0.04	-0.05	0.21	22.65
-2.22	-4.22	-1.2	-25.84	-29.55	3.19	0.04	-0.07	0.2	22.65
-3.35	-0.76	-1.64	-5.34	12.01	7.38	0.04	-0.08	0.19	22.65
-2.03	-3.46	0.94	15.16	-17.89	-8.06	0.05	-0.05	0.2	22.65
-0.34	-0.23	-0.83	-36.8	-9.93	12.28	0.05	-0.04	0.21	22.65
2.26	2.38	-1.64	21.24	11.33	18.94	0.03	-0.02	0.21	22.91
0.08	-3.68	-1.14	-58.21	-2.66	-8.8	0.03	-0.01	0.22	22.91
-2.09	-0.15	-0.24	48.93	10.68	-4.61	0.03	-0.01	0.22	22.65
-2.77	-2.73	-2.5	30.51	18.52	3.06	0.02	-0.06	0.19	22.65
0.69	-1.27	-3.06	-15.4	-1.26	13.24	0.01	-0.09	0.18	22.91
-0.18	-1.67	0.61	-33.49	-11.99	-3.58	0.01	-0.09	0.17	22.91
0.33	-2.88	0.16	-98.44	-35.11	2.42	0.01	-0.09	0.18	22.91
0.35	-3.93	1.95	-26.82	-3.82	2.71	0.01	-0.07	0.2	22.91
1.66	-0.52	1.14	69.83	17.75	9.91	0.01	-0.08	0.19	22.65
-2.17	5.95	-7.84	-60.04	17.68	16.63	0.01	-0.08	0.19	22.91
-3.67	0.25	-0.48	6.47	6.31	7.76	0.01	-0.08	0.2	22.91
-1.03	-0.63	1.49	-27.19	-21.8	-0.1	0.01	-0.07	0.19	22.91
1.2	-1.92	0.43	1.62	-7.52	-1.42	0.01	-0.07	0.19	22.91
2.03	2.37	-1.83	42.2	-24.94	-9.63	0.01	-0.07	0.2	23.17
-1.54	-0.91	-0.6	36.47	11.72	-5.35	0.01	-0.07	0.19	22.91
-1.98	-1.12	0	13	6.61	-8.32	0.01	-0.07	0.2	22.91
0.66	1.34	-1.32	40.42	-10.06	4.76	0.02	-0.07	0.19	22.91
3.46	3.16	-1.2	-55.85	-9.95	-5.12	0.01	-0.05	0.21	22.91
-3.46	2.72	-1.75	14.51	7.44	1.87	0.01	-0.02	0.21	22.91
4.54	1.63	2.85	21.15	-26	5.37	0.02	-0.02	0.22	22.91
-0.68	3.09	0.2	20	-4.99	11.45	0.03	-0.03	0.21	22.91
2.38	3.35	-3.39	12.59	7.86	-14.54	0.03	-0.02	0.21	22.91
2.77	2.73	-1.83	32.94	11.02	15.13	0.03	-0.03	0.21	22.91
-2.33	-0.57	-0.8	5.5	-5.91	3.25	0	-0.03	0.21	22.91
2.47	-3.43	-1.04	32.66	-1.21	-4.3	0	-0.05	0.2	22.91
1.27	-1.17	-1.87	-13.19	-10.11	11.08	-0.01	-0.09	0.17	22.91
0.11	2.44	-2.18	62.14	27.24	-2.1	-0.01	-0.11	0.17	22.91
-1.37	-1.47	-2.75	22.1	0.79	20.12	-0.01	-0.1	0.18	22.91
1.14	5.91	-2.86	44.54	-12.36	-4.4	0	-0.08	0.18	22.91
0.09	-0.29	-0.1	-30.12	-20.92	-6.13	0.01	-0.07	0.18	22.91
-2.74	-0.98	-0.66	-9.06	7.25	-13.82	0.01	-0.07	0.19	22.91
1.55	1.03	-0.73	5.84	0.51	17.12	0.01	-0.08	0.19	22.91
0.23	-0.38	-0.57	-1.86	52.34	-11.64	-0.01	-0.08	0.19	22.91
-0.09	-1.02	-0.1	32.25	22	8.89	-0.02	-0.07	0.18	22.91
-2.4	0.07	-1.72	-37.09	17.18	34.19	-0.04	-0.08	0.18	23.17
1.2	-1.78	-0.39	-21.84	-2.61	0.88	-0.04	-0.08	0.18	22.91
-3.78	-1.71	-0.28	3.85	-58.39	-3.81	0	-0.09	0.18	22.91
1.06	-2.93	-1.89	13.45	-19.51	4.31	0.04	-0.09	0.18	22.91
-0.68	0.18	-0.9	-19.62	14.35	1.58	0.05	-0.09	0.18	22.91
-1.62	0.49	-0.03	-14.51	-12.58	3.94	0.05	-0.09	0.17	22.91
-1.4	0.89	-0.16	16	2.08	3.4	0.04	-0.09	0.18	22.91
-0.13	-0.35	-0.79	26.63	3.55	0.1	0.04	-0.09	0.18	22.91
0.32	0.12	-0.71	2.4	1.97	-1.4	0.03	-0.08	0.18	22.91
-0.94	-4.58	-0.84	49.91	2.1	0.41	0.02	-0.11	0.17	22.91
-1.35	-2.76	0.09	12.12	4.33	-14.22	0.03	-0.13	0.15	22.91
-3.54	-3.29	0.14	46.59	4.09	5.49	0.03	-0.12	0.15	22.91
-0.48	-2.5	1.78	37.84	9.35	4.87	0.03	-0.11	0.16	22.91
1.68	2.2	-3.42	35.92	16.95	15	0.03	-0.09	0.18	22.91
-2.96	6.46	1.3	15.62	-14.85	-5.76	0.03	-0.06	0.19	22.91
2.58	-0.29	-0.59	-2.87	5.17	5.96	0.07	-0.06	0.2	22.91
2.84	-1.6	-0.45	14.64	-20.05	-1.57	0.06	-0.06	0.2	22.91
0.06	-2.1	-0.39	-14.44	12.41	1.62	0.07	-0.06	0.2	23.7
0.46	2.86	-2.6	-17.05	-4.8	12.66	0.09	-0.07	0.2	23.43
-0.76	-1.62	-1.3	10.05	-18.2	2.16	0.1	-0.07	0.19	23.7
0.51	-0.61	2.1	-38.85	-50.46	-8.57	0.12	-0.07	0.19	23.96
-0.17	0.75	-1.07	21.6	-29.3	-8.93	0.16	-0.07	0.18	23.43
0.65	-0.07	-4.65	-17.64	-36.31	-4.51	0.19	-0.06	0.18	22.91
-1.84	0.28	-1.28	3.37	21.41	1.81	0.2	-0.06	0.18	22.91
-1.76	-2.08	1.85	-1.82	15.21	18.3	0.16	-0.06	0.19	22.91
4.92	-2.31	5.3	-46.56	6.03	-1.4	0.12	-0.04	0.21	23.17
1.74	0.14	0.77	-26	25.41	-9.42	0.1	-0.04	0.2	22.91
-4.62	0.86	0.78	-32.31	30.04	20.65	0.04	-0.04	0.21	22.91
1.55	-0.22	1.22	-103.28	70.94	-13.72	-0.03	-0.04	0.2	22.91
6.6	2.75	-1.78	-58.97	3.65	13.31	-0.07	-0.04	0.2	22.91
-0.48	-0.07	-4.78	46.17	16.26	-10.04	-0.07	-0.04	0.19	24.48
-1.44	4.04	0.48	-6.11	15.71	1.22	-0.08	-0.05	0.17	22.91
3.99	1.25	-2.09	8.58	-10.75	-6.68	-0.08	-0.05	0.19	23.17
0.11	-2.62	4.52	106.19	-23.16	-6.91	-0.07	-0.04	0.18	22.91
-1.81	0.9	-4.34	-46.8	-6.35	-6.8	-0.06	-0.05	0.19	22.91
-0.57	-1.58	-0.82	31.19	7.18	7.66	-0.06	-0.04	0.19	22.91
-1.55	-0.62	-3.33	12.79	-15.01	-9.42	-0.04	-0.05	0.19	22.91
1.12	1.64	-1.77	-15.78	-41.47	-4.74	-0.01	-0.05	0.19	22.91
1.54	-2.17	-0.98	-29.53	-12.71	12.61	0	-0.06	0.19	22.91
-3.19	-1.85	-1.3	-63.45	15.66	-1.48	-0.01	-0.07	0.2	22.91
0.49	-2.19	-0.1	-26.89	-1.69	-10.66	-0.03	-0.07	0.19	22.91
-0.1	-0.57	-0.61	8.86	0.21	-15.46	-0.05	-0.07	0.18	22.91
-0.47	1.37	-1.99	7.62	-17.18	-14.03	-0.05	-0.07	0.18	22.91
-1.67	2.32	1.48	83.8	-52.57	2.86	0	-0.07	0.19	22.91
-3.67	-0.41	0.05	18.5	4.71	18.96	0.03	-0.07	0.19	22.91
3.33	3.01	-2.15	42.05	-26.59	-16.59	0.03	-0.07	0.2	22.91
-0.97	2.25	-0.05	42.6	-23.62	11.7	0.03	-0.08	0.2	22.65
0.95	5.93	1.11	43.96	-18.96	-14.67	0.03	-0.08	0.18	22.91
-1.32	-2.41	-2.36	0.58	0.74	3.69	0.03	-0.08	0.18	22.91
-3.56	1.9	-0.93	-12.71	14.91	5.39	0.03	-0.08	0.19	22.91
0.3	-0.05	0.94	37.54	-0.03	29.03	0.01	-0.09	0.17	22.91
-1.41	-2.46	-0.13	65.63	-7.49	68.45	-0.05	-0.09	0.16	22.91
0.83	-3.56	0.66	34.4	0.12	71.77	-0.11	-0.06	0.16	22.91
-1.93	-1.4	-0.25	25.3	-4.03	59.26	-0.17	-0.02	0.15	22.91
-4.79	-3.07	-0.6	33.85	11.42	66.45	-0.22	0.04	0.14	22.91
0.38	3.07	-2.31	-45.44	19.7	59.7	-0.23	0.11	0.12	22.91
-0.58	0.8	-1.07	-33.36	-11.73	48.12	-0.24	0.16	0.12	22.91
-3.62	-2.3	-0.86	42.06	15.07	66.56	-0.23	0.22	0.11	22.91
-1.5	0.19	-1.02	46.13	-4.42	63.47	-0.19	0.28	0.1	22.91
-2.28	-0.93	-0.48	23.72	-4.83	65	-0.12	0.32	0.11	22.91
0.31	0.55	-0.68	28.79	24.98	62.4	-0.05	0.35	0.12	22.91
0.35	1.66	-1.72	54.44	15.48	69.24	0.02	0.36	0.13	22.65
-2.44	2.24	-1.65	-29.16	0.58	60.76	0.1	0.36	0.15	22.91
0	0.79	0.92	-17.97	10.81	71.02	0.18	0.32	0.17	22.91
-0.38	1.34	-1.88	-7.21	24.26	104.18	0.24	0.26	0.19	22.91
-2.57	-0.29	-2.16	1.23	25.45	86.05	0.26	0.19	0.2	22.91
-2.24	-0.64	-1.05	32	4.82	75.16	0.26	0.12	0.21	22.91
0.25	0.79	1.45	44.59	18.45	76.45	0.23	0.05	0.22	22.91
2.72	1.6	0.19	-19.72	3.14	68.13	0.18	-0.02	0.21	22.91
-0.57	-3.05	2.83	55.03	31.14	72.72	0.1	-0.05	0.21	22.91
2.41	1.01	-1.61	-13.69	-19.23	81.53	0.02	-0.07	0.2	22.91
1.15	-1.01	-1.21	0.87	13.18	91.09	-0.05	-0.06	0.19	22.91
-4.58	-1.57	0.56	58.42	2.33	68.03	-0.13	-0.02	0.17	22.91
1.8	-1.49	-1.27	-15.47	2.99	75.33	-0.19	0.03	0.15	22.91
-0.11	0.87	-0.99	-4.85	13.67	69.04	-0.22	0.09	0.13	22.91
-0.14	1.74	-1.62	6.06	13.2	81.53	-0.22	0.16	0.12	22.91
2.88	2.14	-1.27	73.38	-9.14	85.49	-0.19	0.24	0.12	22.91
-0.75	-3.39	0.21	-25.56	0.72	71.43	-0.13	0.29	0.12	22.91
0.35	-0.99	0.03	9.94	-3.71	67.25	-0.07	0.33	0.11	22.91
-1.27	1.62	-1.52	-3.81	12.73	88.93	0.02	0.35	0.13	22.91
0.03	0.75	-2.48	-22.61	19.5	76.04	0.1	0.35	0.14	22.91
0.42	0.29	-0.89	-8.44	1.32	72.11	0.17	0.35	0.14	23.17
-1.28	-3.15	0.19	17.33	3.33	65	0.23	0.31	0.13	23.17
1.2	1.45	-0.36	13.12	32.13	75.66	0.26	0.26	0.17	23.17
-0.98	2.06	-1.4	1.57	23.8	83.6	0.26	0.18	0.19	22.91
-0.89	-0.98	-0.26	59.74	5.34	61.67	0.24	0.12	0.22	22.91
0.74	-0.56	0.69	52.88	24.14	69.18	0.19	0.06	0.21	22.91
0.27	-0.11	-0.18	-20.4	33.78	78.92	0.12	0.03	0.23	22.91
1.92	2.12	-0.9	43.66	34.16	69.47	0.03	0.01	0.23	22.91
0.63	0.44	-0.38	43.23	30.79	64.78	-0.04	0.01	0.21	23.17
-0.34	-0.99	0.65	36.52	18.67	61.64	-0.12	0.04	0.18	23.17
-1.29	1.22	-1.62	11.88	31.22	80.35	-0.18	0.08	0.15	23.17
0.39	-0.1	-2.59	20.78	17.32	69.22	-0.23	0.13	0.13	23.96
3.64	-2.31	1.51	10.49	20.9	46.42	-0.24	0.18	0.1	23.17
1.47	-0.26	-1.23	-51.71	-2.04	29.57	-0.25	0.2	0.09	23.17
-0.5	0.16	-0.47	13.33	28.52	33.21	-0.25	0.22	0.09	23.17
-2.07	-2.31	-3.75	11.19	-11.24	37.85	-0.24	0.25	0.07	23.17
-0.06	2.19	-1.16	-16.48	-4.72	38.03	-0.22	0.28	0.08	23.17
-0.76	-5.48	-3.04	-7.15	18.77	41.36	-0.19	0.31	0.06	23.17
0.33	-2.81	1.25	-6.03	9	35.66	-0.16	0.35	0.06	23.17
-1.99	-2.82	-1.7	13.62	1.13	31.5	-0.13	0.36	0.07	23.17
-0.13	-1.29	-0.37	22.84	-8.3	37.28	-0.08	0.38	0.07	23.17
-0.18	0.43	-1.59	-38.77	-10.33	42.41	-0.04	0.39	0.08	23.17
-1.59	-2.61	-0.57	26.95	4.16	39.66	0.01	0.39	0.08	23.17
-1.6	2.01	-0.45	23.27	34.27	33.28	0.05	0.39	0.1	23.17
-1.05	0.46	-3.44	7.2	19.45	41.01	0.08	0.39	0.11	23.17
-1.51	-0.16	-1.36	3.96	21.29	44.9	0.12	0.38	0.12	23.17
-0.46	-3.3	1.21	17.31	-6.97	21.3	0.16	0.36	0.13	23.7
2.22	2.5	1.71	-95.31	9.2	51.9	0.19	0.32	0.14	23.17
0.54	-4.09	-2.42	45.37	4.3	57.21	0.21	0.29	0.16	23.17
-2.18	2.99	-3.45	22.4	8.78	20.33	0.23	0.27	0.17	23.17
1.87	-6.88	1	-54.46	-3.11	32.34	0.24	0.23	0.19	23.17
-0.55	-13.44	-4.87	-77.92	9.54	44.52	0.23	0.2	0.2	23.17
1.89	1.65	-1.33	14.7	32.05	40.46	0.23	0.16	0.21	23.43
-1.11	0.07	-1.68	22.69	15.83	53.24	0.2	0.12	0.22	23.17
0.99	2.75	1.66	-24.91	11.31	42.35	0.17	0.09	0.22	23.17
0.82	1.39	-1.19	58.7	20.12	42.52	0.15	0.07	0.23	22.91
-3.22	-1.63	0.31	38.81	17.56	29.01	0.11	0.06	0.23	23.17
-0.34	1.81	-2.55	15.18	5.05	43.19	0.08	0.04	0.23	22.91
-3.14	0.23	1.05	59.89	6.2	20.08	0.03	0.03	0.22	23.17
2.92	1.38	-3.13	-54.29	9.82	27.49	-0.02	0.02	0.22	22.91
-0.9	4.44	-2.93	-54.39	-2.84	12.44	-0.05	0.02	0.21	23.17
-1.84	4.28	0.34	74.66	10.47	8.7	-0.07	-0.02	0.19	22.91
1.54	1.91	-2.09	2.49	-30.78	-10.71	-0.07	-0.05	0.19	23.17
-4.11	0.98	-2.55	55.12	-8.36	-22.14	-0.07	-0.08	0.16	22.91
-0.05	-1.6	-3.57	10.53	-16.5	-11.58	-0.06	-0.13	0.14	22.91
-0.72	2.09	3.79	-65.01	-0.32	-12.01	-0.04	-0.16	0.12	22.91
1.16	0.49	-1.43	-37.27	-16.9	-18.44	-0.03	-0.15	0.12	23.17
-3.2	1.1	-0.41	-12.95	0.55	12.07	-0.02	-0.14	0.14	22.91
-2.1	-0.48	-0.23	16.76	-18.65	0.1	-0.01	-0.13	0.15	23.17
-0.15	-0.36	-2.53	-3.38	-1.55	9.62	-0.01	-0.13	0.15	22.91
1	2.41	-2.46	6.92	3.29	-9.17	0.02	-0.13	0.15	22.91
0.68	-1.04	-1.4	-17.11	18.34	4.16	0.02	-0.12	0.16	22.91
1.71	6.02	-4.81	29.33	-32.6	-19.56	0.02	-0.13	0.15	23.17
1.07	1.07	-3.34	71.7	-8.68	5.41	0.03	-0.13	0.14	22.91
0.28	-4.68	-2.68	1.63	19	-13.08	0.03	-0.13	0.14	23.17
1.62	3.71	-3.03	-133.31	-8.88	3.96	0.04	-0.1	0.18	23.17
-1.92	-5.32	3.72	-46.45	-26.74	5.77	0.04	-0.06	0.2	22.91
0.66	-2.92	0.28	-41.84	-6.62	4.28	0.05	-0.03	0.22	23.17
-1.33	-3.97	-2.18	-32.3	-11.41	11.08	0.06	-0.03	0.21	23.17
-2.91	-0.22	-0.84	33.43	9.53	28.65	0.06	-0.05	0.2	22.91
0.96	-3.23	4.45	-87.08	2.97	16.96	0.06	-0.05	0.2	23.17
2.26	1.95	-1.16	-35.56	35.51	-11.96	0.05	-0.06	0.2	23.7
0.28	3.32	-1.77	17.87	23.41	4.93	0.06	-0.07	0.19	23.17
-5.55	-3.71	1.2	-28.71	-12.22	-1.65	0.06	-0.08	0.19	22.91
3.31	-2.17	0.39	12.12	7.22	3.45	0.05	-0.08	0.18	22.91
2.59	2.2	-2.05	-12.54	-19	-23.71	0.05	-0.07	0.18	22.91
0.03	1.58	-2.77	-70.23	-9.88	-3.85	0.04	-0.07	0.2	22.91
-1.32	0.73	1.04	78.2	-8.24	-1.6	0.05	-0.07	0.19	22.91
0.82	4.81	-6.83	47.26	12.12	-4.36	0.05	-0.07	0.18	22.91
0.55	-4.19	3.36	-67.02	-39.87	-1.88	0.06	-0.08	0.19	22.91
-1.87	6.32	-6.32	-86.7	-0.22	1.88	0.05	-0.09	0.18	22.91
3.09	-1.96	2.11	21.67	-13.79	-0.91	0.05	-0.09	0.19	23.17
-3.22	-0.26	1.61	-2.52	-81.08	16.48	0.1	-0.09	0.18	22.91
-1.5	-0.91	0.51	-3.07	-35.34	5.01	0.12	-0.09	0.18	22.91
-3.3	-0.22	0.21	-9.79	12.72	2.58	0.07	-0.08	0.19	22.91
0.85	0.8	-3.07	64.83	-8.57	-15.73	0.05	-0.07	0.19	22.91
-0.71	-4.78	3.27	-134.64	-3.81	-52.25	0.08	-0.06	0.19	23.7
-1.13	1.66	-3.42	82.23	-15.78	-72.13	0.13	-0.03	0.2	22.91
0.47	-1.9	0.4	84.94	-16.4	-76.95	0.18	-0.01	0.21	22.91
1.4	-0.67	5.37	88.37	18.68	-70.56	0.23	0.05	0.22	23.17
-0.28	-6.87	0.2	-48.16	-26.76	-77.42	0.25	0.12	0.2	23.17
-1.74	-3.47	2.95	-92.84	-8.33	-81.02	0.25	0.19	0.19	23.17
-3.77	4.3	-1.26	121.94	-17.01	-86.75	0.21	0.26	0.18	23.96
1.36	3.23	-3.44	-24.81	-28.41	-72.55	0.16	0.31	0.17	23.17
-2.14	-1.1	-0.79	118.37	-18.14	-76.02	0.08	0.33	0.16	23.17
3.03	0.96	-1.59	-6.1	-25.72	-95.29	-0.01	0.33	0.15	23.17
-2.95	-1.99	2.14	76.84	-15.36	-74.3	-0.09	0.29	0.15	23.96
0.02	1.32	1.57	40.7	-3.48	-81.81	-0.15	0.25	0.13	23.17
-1.24	5.49	-8.66	-108.69	-27.19	-10.82	-0.17	0.23	0.13	23.17
0.84	0.28	-3.94	35.53	-8.44	-1.23	-0.18	0.26	0.11	24.22
-2.81	0.04	-1.59	134.65	-18.95	2.25	-0.18	0.28	0.1	23.17
1.18	-1.96	-1.81	71.34	-2	19.04	-0.16	0.29	0.1	23.17
-0.42	-4.4	1.22	51.8	-6.16	-2.22	-0.16	0.3	0.11	23.17
2.32	3.82	-6.58	-93.34	2.77	1.71	-0.17	0.31	0.1	23.43
-0.98	5.61	-8.81	-18.3	-11.43	-9.45	-0.18	0.33	0.07	23.17
-1.58	-0.69	-0.22	-60.52	6.03	6.67	-0.18	0.34	0.06	23.17
-4	-0.92	0.9	51.89	-1.34	-12.63	-0.18	0.35	0.05	23.7
-0.67	0.01	1.12	-33.08	-14.35	-18.47	-0.19	0.34	0.05	23.43
-0.72	-3.01	-0.04	16.37	-0.49	-3.18	-0.19	0.34	0.05	23.96
-3.6	-1.13	-1.54	75.77	-24.52	-18.12	-0.19	0.34	0.04	23.17
-1.18	2.41	-4.79	-46.91	1.65	4.01	-0.19	0.35	0.03	23.96
-0.46	-5.77	1.38	29.25	3.96	-10.99	-0.2	0.35	0.02	22.91
-0.14	-2.11	1.34	29.55	8.72	17.27	-0.2	0.35	0.02	22.91
-1.23	3.6	-6.43	-45.34	-13.54	-2.21	-0.21	0.34	0.02	23.96
-0.99	0.75	2.79	67.78	0.01	4.02	-0.21	0.34	0.01	23.17
-2.61	-7.16	-0.99	-27.85	-6.68	5.83	-0.22	0.35	0	23.96
-2.36	12.08	-14.84	-163.04	10.91	2.31	-0.22	0.35	0	22.91
1.09	2.96	-2.18	-100.26	-13.53	4.87	-0.22	0.34	0.01	22.91
-1.04	10.9	-3.47	14.98	10.36	0.33	-0.22	0.29	0.07	22.91
-2.83	7.62	-4.93	-6.41	-3.94	17.86	-0.23	0.22	0.1	22.91
0.52	5.45	-9.01	-29.85	-32.89	5.56	-0.23	0.18	0.12	22.91
-2.44	2.4	-7.36	39.89	7.62	21.03	-0.23	0.17	0.13	22.65
-4.43	-2.58	-0.54	-31.76	-12.88	15.19	-0.23	0.17	0.13	22.65
4.78	0.41	-1.2	-62.91	17.82	2.81	-0.23	0.18	0.12	22.65
-1.01	0.23	-3.08	68.71	3.69	-1.52	-0.22	0.18	0.12	22.65
0.19	-2.67	3.83	-73.79	-11.44	3.5	-0.22	0.21	0.11	22.65
0.82	5.41	0.15	15.86	-24.19	-5.46	-0.2	0.21	0.13	22.91
-0.55	4.52	-4.79	-13.95	-28.98	-29.58	-0.17	0.21	0.16	23.43
4.01	3.38	1	6.27	2.67	-6.83	-0.18	0.2	0.14	22.65
-0.64	5.14	-5.36	17.52	4.37	18.72	-0.18	0.2	0.14	23.17
-1.98	-1.38	-0.45	-43.68	4.21	10.51	-0.18	0.19	0.15	22.65
-0.77	0.88	-2.89	-11.31	-4.19	22.45	-0.16	0.21	0.16	22.65
3.7	-2.98	0.54	17.72	-6.65	42.56	-0.13	0.23	0.16	22.65
3.73	1.61	-1.09	14.44	-4.5	19.14	-0.11	0.23	0.16	22.65
-0.47	5.33	-5.94	-11.66	-9.86	-56.76	-0.13	0.22	0.18	22.65
3.67	-3.89	2.13	-172.37	-30.84	-85.62	-0.16	0.18	0.18	22.65
1.38	2.25	-2.3	-65.27	-6.66	-97.8	-0.16	0.13	0.17	22.65
-2.84	1.88	-3.74	-2.47	4.17	-75.24	-0.16	0.09	0.18	22.65
1.61	1.62	1.64	52.57	-7.95	-16.16	-0.17	0.13	0.17	22.91
0.92	1.81	-3.49	32.8	-2.23	4.57	-0.17	0.12	0.17	22.65
-1.38	0.71	-3.38	9.66	0.63	7.64	-0.16	0.12	0.18	22.65
3.07	2.74	-2.56	81.49	-16.27	-14.51	-0.17	0.11	0.17	22.65
1.6	-2.35	0.15	69.56	-1.29	-6.77	-0.17	0.1	0.17	24.48
3.68	2.51	-4.41	-0.2	9.07	4.44	-0.17	0.1	0.17	22.65
3.29	4.51	-1.16	-35.47	-17.44	13.19	-0.19	0.1	0.17	22.65
-1.87	16.27	6.58	45.06	-17.74	-23.89	-0.19	0.1	0.16	22.65
3.06	4.2	-5.04	-45.97	-9.48	0.54	-0.19	0.02	0.14	23.43
-0.83	-3.64	-1.51	19.14	20.13	-2.99	-0.2	0.01	0.14	22.13
1.01	21.83	4	25.7	31.57	7.28	-0.21	0	0.13	22.65
-0.03	-1.56	0.66	5.59	-15.31	6.59	-0.2	0	0.13	24.74
-0.32	-4.77	-0.24	120.58	-11.24	-41.61	-0.19	-0.02	0.14	22.91
4.42	5.37	-10.83	-128.37	-3.26	-35.25	-0.14	-0.05	0.15	22.65
-0.57	-2.92	2.25	-52.29	-6.18	-46.82	-0.08	-0.07	0.16	22.65
0.95	-3.75	-6.36	-3.58	-20.11	-39.05	-0.01	-0.08	0.18	22.65
1.68	-3.32	-1.74	58.55	1.12	-59.41	0.07	-0.07	0.2	23.17
-3.24	0.93	0.36	30.89	18.65	-30.95	0.11	-0.05	0.19	22.39
-1.75	1.23	-3.87	34.78	-10.61	-36.2	0.2	0.05	0.22	22.39
1.13	4.81	-5.11	-5.44	18.46	9.88	0.19	0.07	0.23	22.13
1.02	1.09	-1.81	35.75	17.62	1.12	0.18	0.06	0.22	22.39
-1	1.73	-0.34	27.19	11.08	-13.51	0.16	0.04	0.22	22.65
-0.81	-0.09	-1.64	13.08	20.39	5.15	0.14	-0.02	0.21	22.39
-0.79	-4.64	3.12	-26.5	24.75	52.65	0.12	-0.04	0.21	22.39
0.99	-2.18	2.19	-18.6	17.85	66.53	0.07	-0.04	0.21	22.39
-1.75	2.56	-2.17	34.21	-2.91	39.41	0.02	-0.05	0.2	22.39
-3.16	-1.7	-3.69	49.12	5.22	13.17	-0.01	-0.06	0.19	22.39
0.3	0.71	0.93	30.47	-5.52	-7.85	-0.01	-0.06	0.19	22.39
-3.62	-0.45	-1.43	-61.35	12.67	-7.08	0	-0.07	0.19	22.39
1.12	3.41	-3.23	-15.32	-6.23	10.04	0	-0.08	0.19	22.39
4.97	1.24	-0.27	-18.05	25.2	20.35	-0.01	-0.08	0.18	22.39
5.3	-0.91	-4.31	42.26	16.39	37.05	-0.06	-0.08	0.16	22.39
2.79	-2.56	-3.16	2.43	-6.96	2.14	-0.07	-0.09	0.16	22.39
-1.36	0.94	2.17	74.01	4.6	20.41	-0.08	-0.09	0.16	22.39
1.54	-3.33	2.67	27.79	0.82	47.41	-0.13	-0.07	0.14	22.65
1.32	-2.31	-3.86	-30.37	6.34	2.87	-0.17	-0.06	0.12	22.39
0.6	-1.93	5.03	140.49	-5.52	-61.43	-0.12	-0.08	0.14	22.39
-3.17	-2.43	2.64	67.8	-8	-82.07	-0.03	-0.09	0.16	22.39
-3.16	-0.32	1.08	41.96	-8.57	-47.8	0.06	-0.08	0.18	22.39
0.66	0.38	-1.28	-61.38	0.74	-39.65	0.12	0.02	0.22	22.39
0.52	-2.38	-0.53	68.41	-12.9	-33.97	0.16	0.04	0.22	22.39
-0.47	0.81	-1.31	5.01	-15.98	-35.49	0.2	0.03	0.21	22.39
-3.37	-1.14	-1.42	34.04	-2.34	-59.77	0.25	0.07	0.2	22.39
-1.74	-1.86	-0.02	18.6	3.66	-45.02	0.27	0.12	0.2	22.65
0.44	-0.09	-0.65	-44.42	-20.37	-44.25	0.26	0.2	0.19	22.39
-0.68	-0.96	-0.23	-25.46	1.43	-35.13	0.24	0.26	0.18	22.65
1.03	0.81	-1.03	26.11	3.98	1.44	0.24	0.25	0.18	22.65
2.72	0.67	-0.85	17.75	0.92	13.75	0.23	0.21	0.2	22.65
0.33	2.02	-2.09	30.15	0.3	11.22	0.24	0.15	0.21	22.65
0.26	-0.03	-1.51	-16.9	-9.42	13.69	0.24	0.18	0.21	22.65
-1.63	-5.46	-0.65	-127.41	-18.18	-0.9	0.23	0.21	0.2	22.65
-0.45	-1.03	-0.34	-29.16	-16.03	-3.09	0.24	0.21	0.2	22.65
1.48	2.31	1.58	-2.11	17.46	6.28	0.25	0.21	0.2	22.65
1	2.72	-5.05	92.02	-4.37	-5.71	0.25	0.21	0.19	22.65
0.58	1.16	-1.11	-19.14	-16.77	9.7	0.25	0.22	0.19	22.65
1.8	1.52	-2.07	-65.83	-20.28	9.57	0.26	0.22	0.19	22.65
0.06	3.22	-4.74	17.51	28.03	-0.44	0.25	0.21	0.21	22.65
-1.63	-2.41	0.63	0.71	29.25	16.31	0.27	0.21	0.18	22.65
-1.31	5.12	-4.24	22.48	22.52	1.44	0.26	0.22	0.17	22.65
2.5	-4.67	4.23	25.04	-6.57	-1.33	0.27	0.2	0.17	22.65
-0.94	-3.89	2.21	-60.8	19.36	12.37	0.25	0.2	0.18	23.17
-1.65	-4.81	3.73	15.11	-38.26	-5.01	0.25	0.22	0.17	22.91
-0.55	0.79	-3.28	12.32	-20.16	-14.68	0.27	0.19	0.17	22.65
-2.21	-2.59	1.61	49.95	3.22	-12.22	0.26	0.19	0.19	22.91
-1.07	0.06	-2.05	13.98	-15.81	0.32	0.25	0.21	0.19	22.65
3.02	0.44	1.59	-76.04	-6.54	21.73	0.25	0.22	0.19	22.65
-1.25	3.55	-7.09	84.11	-14.99	9.49	0.25	0.22	0.19	22.91
-1.02	-2.57	-0.92	9.98	-23.87	-7.34	0.26	0.22	0.18	22.91
-0.77	-2.39	-1.26	4.12	-14.5	2.72	0.26	0.22	0.18	22.91
-1.88	-3.08	1.03	-24.64	-20.64	-5.24	0.25	0.22	0.2	22.91
-0.63	0.67	-0.95	34.1	11.27	8.87	0.25	0.22	0.19	22.91
2.11	0.67	-1.27	22.43	-11.63	16.1	0.25	0.22	0.2	22.91
2.93	-3.51	2.19	-32.48	30.74	12.36	0.25	0.22	0.19	23.7
2.71	4.26	-5.2	62.14	-9.51	11.27	0.25	0.22	0.19	22.91
-1.83	-2.02	-1.67	-51.26	17.09	14.81	0.25	0.22	0.19	22.91
0.69	-0.73	0.36	11.21	-8.82	9.46	0.25	0.21	0.2	22.91
1.69	0.87	-2.16	-8.3	10.96	0.18	0.25	0.21	0.19	22.91
1.26	1.56	-1.2	9.66	0.72	5.25	0.25	0.21	0.2	22.91
-2.02	0.88	-2.61	-52.17	17.56	-2.63	0.25	0.21	0.19	22.91
0.53	2.24	-0.87	8.06	9.35	-2.71	0.24	0.21	0.2	22.91
0.8	1.89	-3	-3.37	13.74	-2.35	0.25	0.21	0.2	23.43
-1.71	0.78	1.91	18.29	10.81	5.92	0.25	0.22	0.19	22.91
-2.45	2.12	-2.58	57.86	-12.66	3.47	0.24	0.21	0.2	22.91
0.6	8.36	-4.62	-62.91	9.76	10.49	0.25	0.2	0.2	22.91
2.43	0.89	0.27	-57.26	53.47	-6.82	0.23	0.22	0.19	22.91
1.97	1.15	-4.48	14.62	35.45	-12.67	0.22	0.23	0.21	22.91
-0.22	-0.57	-0.27	-19.69	-7.23	7.12	0.23	0.22	0.21	22.91
-0.04	0.16	-1.39	5.65	-7.46	2.13	0.22	0.22	0.21	22.91
-0.91	0.65	-2.79	55.32	0.61	-2.68	0.23	0.22	0.22	22.91
0.39	-1.63	0.95	-2.35	-3.83	6.93	0.23	0.22	0.21	22.91
0.66	-0.09	-1.02	0.89	-4.66	1.42	0.22	0.22	0.2	23.17
-0.04	0.19	-1.03	13.55	-6.12	-1.25	0.23	0.22	0.22	23.17
-0.02	-1.76	-0.46	-5.62	-1.31	6.36	0.23	0.22	0.21	23.17
-0.69	-1.11	-0.05	-16.03	-4.06	1.34	0.23	0.22	0.21	23.17
-0.86	-0.5	-1.03	21.13	-4.26	-0.45	0.23	0.22	0.22	23.17
-0.14	-0.32	-0.97	19.44	-6.11	2.68	0.23	0.22	0.21	23.17
-0.09	-0.11	-1.01	0.45	-3.36	1.37	0.23	0.23	0.21	23.17
-0.06	-0.08	-1.03	0.97	-2.72	7.08	0.23	0.22	0.21	23.17
-0.02	-0.16	-0.98	-1.36	-3.49	0.74	0.23	0.22	0.2	23.17
-0.15	0.76	-1.61	-40.61	-4.41	-0.08	0.22	0.22	0.21	23.17
-0.56	-1.96	-1.58	-13.39	5.11	3.84	0.22	0.23	0.21	23.17
0.04	-0.51	-0.87	-9.55	-3.84	5	0.22	0.22	0.22	23.43
-0.02	-1.55	0.69	-2.98	-4.21	1.87	0.22	0.22	0.22	23.43
-0.08	-0.09	-1.05	0.89	-2.41	3.26	0.23	0.22	0.21	23.43
-0.08	-0.12	-1.02	0.7	-3.61	1.69	0.23	0.22	0.21	23.43
-0.07	-0.13	-1.01	0.25	-3.48	1.59	0.22	0.23	0.21	23.43
-0.06	-0.12	-1.02	0.7	-3.46	2.57	0.22	0.23	0.22	23.17
-0.07	-0.12	-1.02	0.51	-3.14	2.43	0.23	0.23	0.21	23.43
-0.08	-0.12	-1.02	0.16	-3.62	1.9	0.22	0.23	0.21	23.43
-0.07	-0.12	-1.02	0.46	-3.58	1.78	0.22	0.22	0.21	23.43
-0.06	-0.13	-1.02	0.64	-3.47	2.1	0.22	0.22	0.22	23.43
-0.08	-0.13	-1.02	0.25	-3.57	2.24	0.23	0.22	0.22	23.43
-0.08	-0.12	-1.01	0.09	-3.54	2.04	0.23	0.22	0.21	23.43
-0.07	-0.13	-1.02	0.52	-3.51	1.88	0.22	0.22	0.21	23.43
-0.07	-0.13	-1.02	0.31	-3.55	2.2	0.23	0.22	0.21	23.43
-0.08	-0.12	-1.01	0.15	-3.47	1.96	0.22	0.22	0.22	23.43
-0.06	-0.13	-1.02	0.5	-3.44	2.21	0.23	0.22	0.22	23.43
-0.07	-0.13	-1.01	0.46	-3.59	1.82	0.22	0.22	0.22	23.43
-0.08	-0.13	-1.02	0.42	-3.36	2.13	0.22	0.22	0.22	23.43
-0.08	-0.12	-1.01	0.66	-3.52	2.02	0.23	0.23	0.22	23.43
-0.08	-0.13	-1	0.46	-3.52	2.04	0.22	0.23	0.22	23.43
-0.06	-0.13	-1.01	0.45	-3.53	2.24	0.23	0.22	0.22	23.43
-0.08	-0.12	-1.01	0.32	-3.5	2.07	0.22	0.23	0.22	23.43
-0.06	-0.13	-1.03	0.64	-3.74	2.05	0.23	0.22	0.22	23.7
-0.07	-0.13	-1.01	0.42	-3.61	2.09	0.23	0.23	0.21	23.7
-0.07	-0.13	-1.02	0.29	-3.45	1.84	0.22	0.23	0.22	23.7
-0.07	-0.13	-1.01	0.34	-3.49	2.05	0.23	0.22	0.21	23.7
-0.07	-0.12	-1.01	0.46	-3.4	1.88	0.22	0.22	0.21	23.43
-0.07	-0.13	-1.01	0.31	-3.61	2.09	0.22	0.22	0.22	23.7
-0.07	-0.13	-1.01	0.54	-3.53	2.21	0.23	0.22	0.21	23.7
-0.06	-0.13	-1.02	0.28	-3.48	2.12	0.22	0.22	0.21	23.7
-0.08	-0.13	-1.01	0.45	-3.55	2.04	0.22	0.22	0.21	23.7
-0.07	-0.13	-1.01	0.34	-3.48	2.08	0.23	0.22	0.21	23.7
-0.07	-0.12	-1.02	0.45	-3.42	1.97	0.23	0.22	0.22	23.7
-0.07	-0.12	-1.02	0.33	-3.5	2.02	0.23	0.22	0.21	23.7
-0.07	-0.13	-1.01	0.28	-3.73	2.21	0.23	0.22	0.21	23.96
-0.07	-0.13	-1.01	0.52	-3.63	2.07	0.23	0.22	0.22	23.7
-0.07	-0.13	-1.01	0.49	-3.68	2.2	0.23	0.22	0.22	23.7
-0.07	-0.13	-1.01	0.4	-3.56	1.94	0.22	0.22	0.22	23.96
-0.07	-0.12	-1.01	0.52	-3.52	2.07	0.22	0.22	0.21	23.7
-0.07	-0.13	-1.02	0.22	-3.62	2.07	0.22	0.22	0.22	23.7
-0.07	-0.12	-1.02	0.5	-3.46	2.2	0.22	0.22	0.22	23.96
-0.08	-0.12	-1.02	0.45	-3.63	2.14	0.23	0.22	0.22	23.7
-0.07	-0.12	-1.02	0.45	-3.74	2.16	0.23	0.22	0.22	23.96
-0.06	-0.13	-1.01	0.31	-3.57	2.07	0.22	0.22	0.22	23.7
-0.05	-0.14	-1	-2.03	-4.81	2.91	0.23	0.22	0.22	23.96
-0.06	-0.14	-0.99	4.1	-1.66	2.63	0.22	0.22	0.23	23.7
-0.08	-0.11	-1.02	14.67	-2.43	3.47	0.22	0.22	0.22	23.7
-0.07	-0.13	-1.01	0.83	-4.12	0.96	0.23	0.23	0.21	23.96
-0.1	-0.12	-1.02	3.37	-3.54	3	0.22	0.22	0.22	24.48
-0.33	0.28	-1.18	4.71	-3.01	1.06	0.23	0.23	0.21	23.96
-0.04	-0.15	-0.92	1.72	-0.52	7.14	0.22	0.23	0.22	23.96
0	-0.26	-0.9	-0.23	-3.95	8.49	0.23	0.23	0.22	23.96
-0.1	-0.14	-1.01	1.04	-5.42	2.39	0.23	0.23	0.22	23.96
-0.05	-0.08	-1.05	-0.63	-2.69	3.86	0.23	0.22	0.22	23.96
-0.09	-0.12	-1.01	1.87	-2.05	3.6	0.23	0.23	0.22	23.96
-0.07	0	-0.94	2.28	-5.68	0.8	0.23	0.23	0.23	23.96
-0.06	-0.08	-1	-4.45	-2.75	-8.66	0.23	0.24	0.23	23.96
-0.04	-0.03	-1.14	-2.05	-4.73	-4.67	0.22	0.24	0.23	23.96
-0.08	-0.09	-1.02	-1.73	-4.31	9.09	0.23	0.23	0.23	24.22
-0.07	-0.04	-1.09	0.94	-1.38	8.2	0.23	0.23	0.23	23.96
-0.07	-0.08	-1.02	-1.3	-3.65	4.71	0.22	0.24	0.23	23.96
