Initializing SD card...
Initialization Succeeded
Initializing 9DoF...
Initialization Succeeded
Ax,Ay,Az,Gx,Gy,Gz,Mx,My,Mz,T
Starting Data Aquisition...
-0.02,-0.14,-0.97,1.17,-0.08,1.07,0.23,-0.02,0.38,27.35
-0.02,-0.14,-0.98,0.86,-0.15,1.50,0.22,-0.02,0.39,-4.48
-0.03,-0.15,-0.97,0.55,-0.45,1.77,0.23,-0.02,0.37,-19.09
-0.01,-0.13,-0.99,0.61,0.58,0.99,0.22,-0.01,0.38,-26.13
-0.03,-0.14,-0.98,0.92,0.11,1.34,0.21,-0.01,0.38,-28.48
-0.03,-0.16,-0.97,1.01,0.10,1.78,0.22,-0.02,0.38,-30.57
-0.04,-0.16,-0.97,0.17,0.39,1.59,0.21,-0.01,0.38,-29.78
-0.02,-0.15,-0.97,0.17,0.16,0.98,0.22,-0.01,0.38,-30.30
-0.05,-0.18,-0.97,-0.19,1.62,3.20,0.21,-0.01,0.39,-29.26
-0.03,-0.16,-0.98,0.60,-1.30,1.50,0.20,-0.01,0.38,-29.00
-0.04,-0.18,-0.97,1.87,-0.98,1.41,0.20,-0.01,0.38,-28.48
-0.04,-0.16,-0.97,0.70,-0.06,0.91,0.21,-0.01,0.39,-29.78
-0.03,-0.17,-0.96,4.04,-2.28,1.35,0.21,-0.01,0.38,-30.04
-0.05,-0.18,-0.98,-0.50,0.38,0.52,0.21,-0.01,0.39,-30.57
-0.05,-0.18,-0.97,0.47,0.49,0.74,0.20,-0.00,0.39,-29.78
-0.05,-0.17,-0.97,1.31,-0.52,1.32,0.20,-0.00,0.40,-29.78
-0.05,-0.19,-0.97,0.24,1.78,0.71,0.20,-0.00,0.40,-29.78
-0.06,-0.18,-0.97,1.70,-0.45,1.06,0.20,0.00,0.40,-29.26
-0.06,-0.19,-0.97,1.70,-0.88,1.67,0.21,-0.00,0.39,-29.52
-0.06,-0.20,-0.96,1.86,-0.61,1.14,0.20,-0.00,0.39,-28.74
-0.04,-0.17,-0.97,1.53,-0.46,1.01,0.21,-0.01,0.38,-29.78
-0.05,-0.18,-0.97,1.93,-0.67,1.47,0.20,-0.00,0.39,-29.78
-0.05,-0.19,-0.96,5.58,-3.54,1.75,0.20,-0.01,0.39,-29.78
-0.07,-0.20,-0.97,20.75,-18.62,4.10,0.22,-0.02,0.37,-29.78
0.03,-0.14,-1.01,25.83,-35.21,-0.92,0.24,-0.05,0.36,-29.26
-0.04,-0.17,-0.96,-9.51,-0.60,22.81,0.25,-0.04,0.36,-29.78
-0.01,-0.28,-0.89,-34.82,10.51,48.72,0.18,0.04,0.39,-30.04
-0.22,-0.35,-0.80,36.65,38.20,-34.71,0.14,0.03,0.39,-28.48
-0.18,-0.27,-0.95,-55.41,61.38,-6.97,0.07,0.07,0.39,-27.96
-0.31,-0.42,-0.86,26.01,-19.06,1.88,0.08,0.05,0.39,-41.26
-0.32,-0.40,-0.83,10.62,-5.90,2.04,0.07,0.06,0.39,-41.52
-0.38,-0.50,-0.74,1.98,-3.31,-0.74,0.08,0.05,0.40,-41.52
-0.28,-0.40,-0.88,15.40,-24.57,14.36,0.10,0.04,0.40,-41.52
-0.14,-0.24,-0.94,-16.68,-0.42,-9.51,0.13,0.04,0.40,-41.26
-0.13,-0.46,-0.84,54.29,-45.48,6.49,0.15,0.03,0.40,-41.78
-0.11,-0.42,-0.87,4.85,-6.05,-2.42,0.15,0.05,0.40,-41.00
-0.08,-0.24,-0.95,9.50,5.80,-7.88,0.14,0.02,0.39,-41.26
-0.15,-0.27,-0.95,13.82,-6.09,3.39,0.15,0.01,0.38,-41.26
-0.14,-0.24,-0.97,-1.31,-3.11,6.98,0.14,0.01,0.39,-41.52
-0.07,-0.10,-1.01,-2.45,-5.26,5.02,0.16,-0.02,0.37,-41.52
-0.12,-0.28,-0.89,-14.53,-6.32,14.09,0.17,0.02,0.39,-41.78
-0.11,-0.28,-0.96,-0.20,11.26,-5.95,0.14,0.02,0.40,-41.78
-0.14,-0.31,-0.89,-3.27,9.97,8.30,0.12,0.03,0.40,-41.78
-0.13,-0.24,-0.93,-6.38,16.34,0.71,0.12,0.02,0.40,-41.78
-0.22,-0.33,-0.93,-3.11,4.56,-2.46,0.10,0.02,0.40,-41.52
-0.17,-0.28,-1.12,0.13,-6.78,4.40,0.11,0.02,0.39,-41.52
-0.14,-0.28,-0.95,1.50,-0.14,-1.00,0.11,0.02,0.39,-41.78
-0.16,-0.34,-0.88,1.52,-6.94,1.12,0.12,0.01,0.39,-41.78
-0.16,-0.28,-0.93,6.51,-3.51,1.72,0.13,0.01,0.39,-41.78
-0.15,-0.28,-0.94,3.47,-1.18,0.59,0.13,0.00,0.38,-41.78
-0.13,-0.26,-1.12,4.61,-3.55,1.09,0.13,-0.00,0.38,-41.78
-0.12,-0.23,-0.95,7.78,-5.10,1.48,0.13,-0.01,0.37,-41.78
-0.11,-0.21,-0.96,2.98,-2.14,1.02,0.13,-0.01,0.38,-41.78
-0.11,-0.20,-0.97,0.87,0.06,1.32,0.13,-0.02,0.37,-41.78
-0.10,-0.22,-0.96,1.54,-0.81,1.19,0.14,-0.01,0.37,-41.78
-0.10,-0.22,-0.96,-0.23,0.62,0.68,0.13,-0.01,0.38,-41.78
-0.11,-0.21,-0.96,-0.10,-0.05,1.41,0.14,-0.01,0.38,-41.78
-0.11,-0.22,-0.94,1.23,-1.25,0.94,0.14,-0.01,0.38,-41.52
-0.13,-0.22,-0.95,-3.60,0.91,-1.16,0.13,-0.00,0.38,-41.52
-0.04,-0.21,-0.90,-19.42,-3.68,2.47,0.15,0.02,0.39,-41.26
-0.08,-0.29,-0.93,0.61,2.87,-4.24,0.15,0.02,0.39,-41.78
-0.09,-0.31,-0.92,-0.38,1.02,0.20,0.14,0.03,0.39,-41.52
-0.10,-0.29,-0.94,0.12,0.16,0.69,0.14,0.03,0.39,-41.78
-0.12,-0.35,-0.91,-30.68,7.34,6.28,0.14,0.05,0.40,-41.78
-0.13,-0.39,-0.90,-1.65,-0.99,-1.80,0.14,0.07,0.39,-41.52
-0.10,-0.43,-0.87,-5.57,0.34,1.27,0.14,0.08,0.40,-41.78
-0.11,-0.44,-0.87,-4.63,-4.58,-1.34,0.15,0.09,0.40,-41.78
-0.09,-0.48,-0.86,8.19,-13.20,-0.25,0.16,0.09,0.41,-41.52
-0.04,-0.46,-0.90,-11.76,-17.05,6.21,0.19,0.10,0.39,-41.52
0.02,-0.55,-0.78,-13.94,-2.60,0.17,0.21,0.13,0.40,-41.26
-0.00,-0.65,-0.79,-41.25,1.44,-2.74,0.20,0.19,0.38,-41.52
-0.01,-0.63,-0.68,13.64,17.57,-11.87,0.18,0.20,0.40,-41.52
-0.24,-0.65,-0.89,18.68,-3.34,2.83,0.15,0.15,0.40,-41.26
-0.18,-0.54,-0.81,13.38,-2.46,0.37,0.14,0.13,0.41,-41.78
-0.18,-0.51,-0.83,2.86,-0.58,1.90,0.15,0.13,0.41,-41.52
-0.17,-0.50,-0.85,1.79,-0.82,0.95,0.14,0.13,0.40,-41.52
-0.17,-0.50,-0.84,-2.66,2.51,0.54,0.14,0.13,0.40,-41.52
-0.18,-0.51,-0.83,1.25,0.06,0.24,0.14,0.13,0.40,-41.52
-0.18,-0.50,-0.83,0.77,-0.29,1.76,0.14,0.13,0.40,-41.52
-0.16,-0.49,-0.83,6.92,-3.61,3.05,0.15,0.12,0.39,-41.26
-0.18,-0.49,-0.83,0.87,-0.95,0.82,0.14,0.13,0.41,-41.78
-0.17,-0.50,-0.83,1.35,-0.52,1.13,0.14,0.13,0.40,-41.52
-0.18,-0.50,-0.85,2.93,-0.87,1.66,0.14,0.13,0.40,-41.78
-0.17,-0.48,-0.85,1.06,-0.46,1.10,0.15,0.12,0.40,-41.78
-0.17,-0.48,-0.85,2.23,-0.53,1.51,0.14,0.12,0.39,-41.52
-0.18,-0.48,-0.85,1.55,-0.03,0.94,0.15,0.12,0.40,-41.52
-0.17,-0.49,-0.84,0.97,0.58,0.43,0.15,0.12,0.40,-41.26
-0.17,-0.49,-0.85,5.20,-1.10,1.72,0.15,0.12,0.40,-41.52
-0.17,-0.47,-0.85,1.56,-1.72,1.69,0.15,0.11,0.39,-41.26
-0.16,-0.48,-0.85,1.52,-1.24,0.82,0.15,0.11,0.40,-41.26
-0.16,-0.47,-0.86,1.42,-0.95,0.53,0.15,0.11,0.40,-41.26
-0.15,-0.45,-0.86,1.38,-0.74,0.71,0.14,0.11,0.40,-41.52
-0.15,-0.47,-0.86,1.35,-0.06,0.71,0.14,0.11,0.41,-41.26
-0.17,-0.48,-0.84,2.01,-0.53,1.37,0.14,0.11,0.39,-41.52
-0.16,-0.48,-0.85,1.78,-0.30,1.67,0.14,0.11,0.40,-41.26
-0.16,-0.45,-0.83,5.65,-3.40,2.70,0.15,0.11,0.40,-41.26
-0.13,-0.44,-0.87,0.28,-0.60,-0.96,0.15,0.10,0.40,-41.26
-0.19,-0.47,-0.89,4.12,-17.04,7.61,0.16,0.11,0.41,-41.26
-0.13,-0.45,-0.84,9.36,3.60,-4.95,0.15,0.10,0.39,-41.26
-0.15,-0.44,-0.88,1.72,-0.19,0.53,0.15,0.09,0.40,-41.26
-0.14,-0.41,-0.90,3.56,2.98,-2.17,0.15,0.09,0.40,-41.00
-0.16,-0.41,-0.89,1.46,-1.50,1.78,0.15,0.09,0.40,-41.26
-0.12,-0.41,-0.89,0.73,-0.20,1.94,0.15,0.09,0.40,-41.26
-0.16,-0.42,-0.88,-1.06,-0.95,6.10,0.15,0.09,0.41,-41.26
-0.16,-0.40,-0.90,4.55,-1.38,-0.39,0.15,0.08,0.40,-41.26
-0.17,-0.40,-0.89,1.57,-1.06,1.28,0.15,0.08,0.39,-41.26
-0.16,-0.41,-0.88,1.50,-0.88,1.57,0.15,0.09,0.40,-41.26
-0.32,-0.49,-1.13,-12.70,-82.37,49.18,0.19,0.08,0.39,-41.78
-0.42,-0.45,-1.46,-38.90,-78.49,21.67,0.19,0.09,0.41,-41.00
-0.43,-0.55,-1.62,-71.83,-60.36,36.99,0.17,0.09,0.40,-41.78
-0.32,-0.37,-1.19,69.49,-51.74,-17.03,0.15,0.04,0.39,-41.00
0.05,-0.23,-0.92,58.90,82.84,-84.68,0.15,0.06,0.40,-40.74
0.31,-0.27,-0.05,203.13,192.96,-146.35,0.14,0.02,0.39,-42.04
0.66,-0.40,0.02,152.22,152.12,-142.19,0.17,0.05,0.40,-28.74
0.61,-0.32,0.01,68.25,91.97,-60.09,0.18,0.08,0.41,-26.13
0.36,-0.28,-0.26,44.77,35.04,-39.24,0.18,0.06,0.40,-24.57
0.44,-0.39,0.01,68.51,49.16,-79.68,0.17,0.09,0.40,-23.52
-0.02,-0.27,-0.82,-51.94,-68.68,47.77,0.19,0.09,0.40,-22.74
-0.32,-0.19,-1.30,-125.70,-115.87,99.29,0.21,0.07,0.40,-22.74
-0.11,-0.08,-0.82,-92.42,-51.10,90.52,0.20,0.05,0.40,-21.96
-0.39,-0.43,-1.00,-121.17,-80.03,136.98,0.19,0.07,0.39,-21.96
-0.06,-0.19,-1.03,-2.71,-9.05,-54.85,0.18,0.04,0.41,-22.22
0.71,0.46,-1.20,-4.13,23.80,-85.37,0.18,-0.00,0.38,-22.22
-0.31,-0.46,-0.76,29.23,-18.77,92.13,0.20,-0.02,0.38,-21.70
-0.80,-0.74,-0.69,17.27,-40.83,5.14,0.21,0.03,0.39,-21.43
0.59,0.28,-1.06,-36.79,6.64,-91.44,0.22,0.04,0.39,-21.43
0.43,0.09,-1.31,10.54,-30.75,22.93,0.23,0.02,0.39,-20.91
-0.71,-0.98,-0.49,39.94,6.00,88.15,0.23,0.04,0.39,-20.39
-0.18,-0.23,-1.01,9.37,-5.03,-98.69,0.23,0.06,0.40,-20.39
0.41,-0.12,-0.58,54.51,20.12,7.17,0.24,-0.02,0.37,-20.39
0.33,0.06,-0.83,-54.04,-38.25,-108.47,0.26,0.05,0.39,-21.43
0.37,0.80,-1.38,-11.31,-23.65,44.63,0.22,-0.06,0.36,-21.70
-0.53,-0.61,-0.70,21.55,-0.35,4.17,0.22,0.00,0.39,-21.43
-0.07,-0.32,-0.96,87.19,-50.37,-27.89,0.27,-0.03,0.36,-20.65
0.01,-0.12,-0.35,108.01,-24.26,-253.67,0.38,0.04,0.33,-20.39
0.69,1.13,-2.54,-50.21,-1.28,-73.73,0.42,0.20,0.27,-27.96
0.71,0.31,-3.25,-124.89,3.27,-53.60,0.36,0.30,0.25,-39.70
0.02,0.14,-0.62,97.08,158.65,42.92,0.36,0.27,0.30,-41.00
0.42,-0.29,0.88,283.64,-11.10,12.22,0.36,0.30,0.28,-40.48
-0.77,-0.14,-0.32,144.63,72.22,51.65,0.30,0.28,0.34,-27.96
0.89,0.41,-0.10,-14.63,-58.14,-114.06,0.35,0.37,0.23,-33.96
-0.38,0.45,-1.24,129.49,-56.02,43.95,0.34,0.29,0.32,-27.17
1.07,-0.01,-1.62,-140.04,18.17,-9.76,0.36,0.26,0.29,-41.52
0.01,0.34,0.00,35.62,-44.95,-100.42,0.28,0.43,0.21,-39.70
-0.48,-0.11,-2.03,39.13,-33.57,112.87,0.33,0.31,0.31,-29.00
0.80,-0.28,-1.77,-193.24,4.25,-5.84,0.33,0.36,0.24,-29.52
-0.30,0.72,0.18,117.51,-11.80,-65.12,0.28,0.44,0.18,-41.26
0.79,-0.71,-1.86,69.71,-128.70,-52.26,0.39,0.33,0.22,-40.48
0.99,-0.18,-0.34,-49.30,139.09,286.68,0.49,0.15,0.18,-32.91
0.40,0.88,-0.74,-12.71,-8.52,-101.53,0.12,-0.25,0.20,-26.65
0.20,0.25,-1.01,241.06,28.03,-286.72,0.47,0.25,0.17,-41.26
0.06,-0.69,-0.71,-80.04,-286.72,286.68,0.35,0.42,-0.07,-27.17
0.16,1.44,0.55,-286.72,240.73,286.68,-0.02,-0.27,0.08,-26.13
-0.32,0.72,-1.78,105.67,5.11,-286.72,0.40,0.42,-0.01,-39.70
0.50,0.15,1.63,-286.72,-147.35,181.00,-0.09,0.23,-0.42,-25.09
0.29,1.14,0.95,-286.72,277.25,-172.45,0.08,-0.29,-0.08,-28.22
-0.62,-0.81,-0.34,52.68,218.72,-129.63,0.01,-0.16,0.27,-38.13
0.28,1.22,-0.77,-117.70,-274.51,-286.72,0.45,0.24,-0.21,-27.43
1.39,0.38,0.78,-286.72,131.64,139.83,0.16,-0.14,-0.35,-25.35
0.08,0.86,0.61,-124.63,286.68,-55.00,0.24,-0.24,0.15,-24.57
-0.99,0.32,-0.38,-60.50,13.26,77.90,-0.05,-0.19,0.21,-23.26
-0.46,0.24,-0.77,-50.41,-141.14,114.87,-0.01,-0.13,0.29,-29.52
-0.15,-0.26,-0.67,134.35,-67.64,57.40,0.11,-0.05,0.35,-24.83
-0.33,-0.21,-1.23,94.70,-17.99,35.18,0.09,-0.05,0.35,-29.52
-0.18,-0.33,-0.93,29.00,-29.58,14.15,0.07,0.01,0.38,-41.00
-0.07,-0.22,-0.92,7.90,-10.35,14.67,0.08,0.02,0.38,-39.70
-0.06,-0.18,-0.95,4.60,-4.77,-6.36,0.07,0.01,0.38,-41.00
-0.13,-0.34,-0.92,47.10,-5.84,-41.00,0.10,-0.02,0.36,-40.22
-0.15,-0.04,-0.99,24.12,-16.90,-14.03,0.13,-0.09,0.33,-40.22
-0.12,-0.05,-1.00,17.25,-29.16,16.65,0.14,-0.08,0.34,-40.22
-0.00,0.07,-0.98,222.43,-17.21,-121.84,0.20,-0.19,0.24,-31.87
0.03,1.08,-0.86,52.13,-3.17,-27.40,0.25,-0.23,0.10,-26.13
0.06,0.79,-0.57,13.21,-0.65,-0.38,0.26,-0.24,0.06,-23.78
0.10,0.82,-0.57,-29.92,-2.07,10.31,0.27,-0.23,0.08,-28.74
-0.01,0.78,-0.63,71.43,-9.27,-67.30,0.32,-0.22,0.03,-28.22
0.13,0.92,-0.42,3.68,-4.85,11.12,0.29,-0.23,-0.01,-24.57
0.05,0.89,-0.46,-11.68,1.88,24.15,0.25,-0.25,0.01,-23.26
-0.10,0.74,-0.76,-153.08,-32.25,44.05,0.21,-0.21,0.19,-23.52
-0.06,0.51,-0.83,-51.17,21.82,19.12,0.15,-0.19,0.25,-22.48
-0.37,-0.97,-0.76,-46.94,-25.58,50.79,0.04,0.21,0.38,-40.74
-0.32,-1.08,-0.49,13.38,19.21,2.84,-0.00,0.29,0.33,-27.70
-0.52,-1.06,-0.29,-39.31,13.56,17.82,-0.04,0.35,0.27,-24.57
-0.43,-1.01,-0.33,-61.23,13.73,92.97,-0.02,0.41,0.22,-39.70
0.14,-0.93,-0.13,-14.98,-10.68,-37.28,0.06,0.44,0.21,-36.04
-0.10,-0.86,0.10,35.08,-28.65,-142.28,-0.06,0.40,0.20,-39.96
-0.45,-0.88,-0.18,-4.18,4.76,-31.20,-0.10,0.36,0.22,-39.43
-0.57,-0.82,-0.11,-2.74,18.65,-9.85,-0.14,0.34,0.21,-29.52
-0.57,-0.83,-0.06,4.86,-1.28,0.93,-0.13,0.35,0.19,-26.13
-0.54,-0.88,-0.02,-0.87,8.57,68.16,-0.10,0.39,0.18,-24.30
-0.35,-0.92,-0.05,-0.26,2.50,-0.27,-0.09,0.39,0.19,-23.78
-0.40,-0.96,0.02,10.48,8.82,-21.36,-0.11,0.39,0.16,-23.00
-0.45,-0.90,-0.01,27.37,-15.39,-10.37,-0.11,0.36,0.20,-22.74
-0.48,-0.71,-0.49,60.73,-42.39,-20.70,-0.05,0.22,0.34,-21.70
-0.46,-0.94,-0.89,169.19,-123.28,138.85,0.10,0.13,0.40,-21.96
0.26,0.05,-1.03,-200.84,-22.74,79.27,0.29,-0.02,0.35,-39.96
0.95,-0.15,-0.39,-43.43,-57.57,6.33,0.40,-0.01,0.27,-33.43
0.94,-0.14,-0.36,-6.23,12.24,-0.11,0.41,-0.02,0.26,-33.43
0.95,-0.19,-0.33,-19.90,-3.71,20.24,0.42,-0.03,0.24,-40.48
0.98,-0.14,-0.14,-3.26,-6.58,31.55,0.43,-0.04,0.23,-39.17
0.98,-0.04,-0.17,2.84,-16.84,7.95,0.43,-0.05,0.21,-27.17
0.99,-0.08,-0.17,-7.62,-1.09,2.18,0.43,-0.05,0.21,-9.17
0.99,-0.08,-0.17,-8.72,-0.72,4.41,0.44,-0.04,0.22,-30.30
0.99,-0.05,-0.15,-0.08,-2.32,2.21,0.43,-0.04,0.22,-37.09
0.99,-0.05,-0.15,0.60,-3.12,1.77,0.43,-0.04,0.23,-3.70
1.00,-0.06,-0.15,-0.41,-2.00,2.42,0.43,-0.04,0.22,-4.74
0.99,-0.06,-0.13,-2.09,-0.76,1.19,0.44,-0.04,0.22,-5.00
0.99,-0.05,-0.16,-4.03,-2.57,-0.52,0.44,-0.03,0.22,-5.52
1.01,-0.05,-0.15,8.34,16.58,-30.61,0.44,-0.01,0.24,-2.91
0.77,-0.35,-0.49,64.61,66.96,-59.89,0.38,0.03,0.32,-3.17
0.69,-0.48,-0.65,90.54,22.66,6.02,0.33,0.02,0.33,-4.74
0.49,-0.42,-0.91,-19.21,-11.10,-16.55,0.31,0.06,0.36,-5.52
0.55,-0.34,-0.77,14.39,-2.63,-4.45,0.32,0.05,0.35,-6.83
0.51,-0.35,-0.78,16.49,-3.40,0.47,0.30,0.04,0.35,-11.00
0.48,-0.41,-0.75,-35.67,39.96,-9.44,0.27,0.08,0.37,-16.22
0.21,-0.48,-0.90,-3.42,10.01,12.27,0.22,0.09,0.39,-17.52
0.17,-0.51,-0.82,-8.98,8.43,-6.19,0.19,0.10,0.40,-18.57
0.09,-0.40,-0.84,-82.47,35.22,-20.67,0.14,0.11,0.41,-34.48
0.12,-0.30,-0.87,-6.67,16.12,-9.48,0.13,0.07,0.40,-17.00
-0.04,-0.30,-0.99,43.95,-3.60,-15.99,0.11,-0.00,0.39,-18.04
-0.03,-0.08,-0.97,38.68,-6.26,-0.20,0.11,-0.08,0.35,-23.26
-0.10,-0.20,-0.97,2.83,-2.37,3.78,0.10,-0.04,0.37,-22.22
-0.08,-0.37,-0.96,15.08,2.99,0.80,0.09,-0.05,0.37,-25.35
-0.13,-0.17,-0.98,16.89,-6.41,-2.48,0.09,-0.05,0.37,-35.78
-0.12,-0.11,-0.99,30.35,-6.94,0.77,0.10,-0.08,0.34,-36.04
-0.09,-0.00,-1.00,12.77,-7.53,-0.56,0.11,-0.10,0.34,-21.17
-0.06,0.14,-0.99,52.47,-18.29,-4.56,0.13,-0.16,0.28,-34.22
0.03,0.42,-0.88,39.10,-8.05,-4.93,0.17,-0.22,0.19,-21.43
0.07,0.55,-0.83,-1.09,-5.06,6.19,0.17,-0.24,0.15,-21.96
0.03,0.53,-0.87,-65.16,10.09,17.92,0.14,-0.21,0.22,-22.74
-0.01,0.20,-0.98,-6.56,15.16,0.63,0.11,-0.17,0.28,-25.61
-0.10,0.13,-1.03,-44.35,-17.87,26.29,0.08,-0.12,0.32,-23.26
-0.05,0.08,-1.01,-2.56,-10.89,-1.68,0.09,-0.09,0.34,-23.78
-0.09,-0.27,-1.03,68.20,-65.75,1.46,0.12,-0.08,0.35,-24.04
0.12,-0.18,-0.95,0.25,5.36,-8.53,0.13,-0.04,0.37,-25.35
0.08,-0.21,-0.99,4.28,-7.64,4.38,0.14,-0.03,0.37,-29.26
0.09,-0.27,-0.95,6.35,-3.82,-0.41,0.13,-0.01,0.37,-33.96
0.06,-0.33,-0.93,-12.69,-2.15,5.06,0.13,0.01,0.38,-35.52
0.09,-0.27,-0.95,-10.19,-1.12,-5.88,0.13,0.03,0.38,-36.57
0.05,-0.45,-0.93,19.98,-15.52,7.18,0.13,0.06,0.40,-36.83
0.04,-0.53,-0.88,-6.00,-3.65,1.98,0.13,0.09,0.40,-35.78
0.07,-0.43,-0.89,-4.84,0.30,-1.01,0.13,0.07,0.39,-35.00
0.06,-0.46,-0.91,11.05,-4.39,4.39,0.14,0.06,0.39,-36.30
0.07,-0.46,-0.91,11.69,-3.93,2.39,0.14,0.05,0.39,-36.83
0.07,-0.37,-0.92,2.58,-2.74,-0.43,0.14,0.05,0.39,-36.83
0.08,-0.38,-0.92,0.11,-1.58,1.41,0.14,0.05,0.40,-36.83
0.07,-0.37,-0.94,0.49,-1.58,2.12,0.14,0.04,0.39,-37.87
0.08,-0.38,-0.92,1.11,-1.08,1.57,0.14,0.04,0.39,-37.87
0.08,-0.37,-1.12,0.01,-1.81,1.96,0.13,0.04,0.40,-37.61
0.07,-0.37,-0.93,0.26,-1.91,3.07,0.13,0.04,0.39,-38.13
0.06,-0.36,-0.92,4.78,-3.32,2.76,0.14,0.04,0.38,-38.65
0.05,-0.41,-0.92,-0.85,-0.82,3.63,0.13,0.04,0.39,-39.43
0.07,-0.33,-0.93,-4.32,-0.84,-0.25,0.14,0.04,0.40,-39.96
0.05,-0.38,-0.94,6.02,-1.23,7.46,0.13,0.04,0.39,-40.74
0.06,-0.39,-0.92,-1.37,-4.66,6.41,0.12,0.04,0.39,-40.74
0.06,-0.34,-0.91,-6.09,1.67,-3.28,0.13,0.03,0.39,-40.48
0.06,-0.35,-0.90,5.65,4.71,-5.55,0.12,0.03,0.39,-40.22
0.03,-0.33,-0.92,-0.05,1.51,1.12,0.12,0.02,0.39,-39.70
0.06,-0.37,-0.92,-10.14,18.80,18.35,0.11,0.04,0.39,-38.65
0.00,-0.40,-0.91,7.60,-3.57,-2.28,0.09,0.04,0.39,-38.65
-0.01,-0.38,-0.93,3.01,-1.22,2.52,0.09,0.04,0.39,-38.65
-0.01,-0.42,-0.91,3.89,-2.73,1.92,0.10,0.04,0.40,-38.39
-0.01,-0.36,-0.91,-1.34,0.38,2.90,0.09,0.04,0.40,-38.39
-0.00,-0.37,-0.91,0.19,0.38,1.79,0.10,0.04,0.39,-38.65
0.00,-0.37,-0.93,-1.24,-1.67,0.67,0.10,0.04,0.40,-38.39
-0.19,-0.37,-0.91,1.46,-0.98,0.30,0.10,0.05,0.39,-38.65
0.00,-0.37,-0.91,1.00,-0.46,0.28,0.10,0.05,0.38,-38.91
0.00,-0.36,-0.92,-0.20,0.39,1.29,0.10,0.04,0.39,-38.13
0.19,-0.38,-0.93,2.20,-3.05,2.53,0.10,0.04,0.39,-38.13
0.00,-0.37,-0.91,0.31,-0.46,1.91,0.10,0.04,0.38,-37.61
0.02,-0.37,-0.90,-4.42,1.83,0.71,0.10,0.04,0.38,-37.61
0.00,-0.36,-0.92,-0.41,-1.01,0.11,0.10,0.04,0.39,-37.09
0.00,-0.37,-0.93,2.28,-2.11,1.64,0.10,0.04,0.40,-36.57
0.00,-0.39,-0.90,0.41,0.93,1.86,0.09,0.05,0.38,-35.52
0.00,-0.39,-0.90,1.13,0.38,1.82,0.10,0.04,0.40,-34.48
-0.01,-0.40,-0.92,2.91,-1.09,2.15,0.09,0.04,0.38,-34.22
0.00,-0.40,-0.92,-0.31,-0.08,2.38,0.10,0.05,0.40,-33.17
-0.01,-0.41,-0.92,2.91,-1.20,2.93,0.10,0.05,0.39,-32.39
0.00,-0.39,-0.91,2.48,-0.84,1.88,0.10,0.05,0.39,-30.30
0.00,-0.39,-0.91,3.12,-0.65,2.09,0.09,0.05,0.39,-28.48
0.02,-0.38,-0.91,-5.31,5.47,-3.87,0.09,0.05,0.39,-27.17
0.00,-0.39,-0.89,-1.28,2.97,1.69,0.09,0.05,0.38,-26.91
-0.01,-0.40,-0.90,-0.25,0.63,2.11,0.09,0.06,0.39,-26.39
-0.03,-0.42,-0.91,2.47,-0.39,4.36,0.09,0.05,0.39,-25.87
-0.01,-0.40,-0.90,2.69,-1.29,1.11,0.09,0.05,0.40,-25.87
-0.02,-0.39,-0.91,0.88,-0.62,0.52,0.09,0.05,0.39,-25.35
-0.01,-0.40,-0.90,0.41,-0.60,0.98,0.09,0.05,0.39,-25.09
-0.02,-0.39,-0.93,0.65,-0.97,-0.76,0.09,0.05,0.39,-24.57
0.00,-0.38,-0.90,3.33,0.73,-2.45,0.10,0.05,0.39,-24.57
-0.03,-0.40,-0.90,4.39,-0.47,1.36,0.09,0.05,0.39,-24.04
-0.05,-0.45,-0.89,5.03,-0.72,5.49,0.09,0.04,0.39,-24.04
-0.02,-0.39,-0.90,2.45,-0.49,0.33,0.09,0.04,0.40,-24.04
-0.03,-0.39,-0.91,1.28,-0.31,2.52,0.09,0.05,0.39,-23.52
-0.03,-0.39,-0.91,0.83,-0.20,1.90,0.09,0.04,0.39,-23.78
-0.02,-0.38,-0.91,-0.67,0.04,1.36,0.09,0.05,0.39,-23.26
-0.03,-0.39,-0.91,-0.85,-0.04,1.36,0.09,0.05,0.38,-23.26
-0.04,-0.38,-0.92,2.76,-0.92,0.48,0.09,0.04,0.39,-23.26
-0.02,-0.36,-0.91,1.31,0.68,0.35,0.09,0.04,0.39,-23.52
-0.04,-0.40,-0.90,2.55,-0.41,3.80,0.09,0.04,0.39,-22.48
-0.04,-0.40,-0.90,3.35,-0.48,2.30,0.09,0.04,0.39,-23.00
-0.03,-0.39,-0.91,0.81,-0.22,0.85,0.09,0.05,0.39,-23.00
-0.03,-0.36,-0.92,1.28,-1.41,0.08,0.09,0.04,0.38,-23.26
-0.04,-0.39,-0.91,1.57,-1.69,0.80,0.09,0.04,0.39,-22.48
-0.04,-0.39,-0.91,-0.07,-0.44,0.93,0.08,0.04,0.40,-22.22
-0.03,-0.42,-0.89,2.27,-0.47,1.49,0.08,0.05,0.40,-22.74
-0.03,-0.39,-0.91,0.03,0.67,-0.50,0.09,0.04,0.39,-22.74
-0.03,-0.39,-0.91,1.72,-0.53,1.44,0.09,0.04,0.39,-22.22
-0.03,-0.39,-0.91,2.12,-1.52,0.33,0.09,0.05,0.39,-23.78
-0.03,-0.39,-0.90,1.39,0.13,1.82,0.09,0.05,0.40,-23.26
-0.04,-0.39,-0.92,2.35,-1.72,0.60,0.09,0.04,0.39,-23.26
-0.04,-0.38,-0.91,1.61,-1.25,1.79,0.08,0.05,0.39,-22.22
-0.04,-0.42,-0.91,1.58,0.09,3.82,0.09,0.05,0.39,-20.13
-0.04,-0.40,-0.89,2.58,0.79,3.20,0.09,0.05,0.38,-21.43
-0.01,-0.31,-0.93,33.21,-11.73,5.57,0.10,0.01,0.38,-21.43
-0.08,-0.04,-0.74,113.15,80.17,-37.42,0.15,-0.14,0.31,-20.91
-0.11,0.20,-0.67,-18.49,91.32,-58.77,0.12,-0.19,0.28,-40.48
-0.08,0.51,-1.13,35.87,26.21,-25.17,0.09,-0.23,0.23,-41.26
-0.11,0.43,-0.69,-42.22,23.26,4.04,0.15,-0.25,0.21,-40.22
-0.36,0.23,-0.83,13.84,-2.99,-5.84,0.14,-0.20,0.28,-41.26
-0.22,0.33,-0.82,5.00,-16.00,-12.73,0.18,-0.19,0.28,-40.22
-0.10,0.60,-0.79,16.15,-16.84,11.62,0.20,-0.23,0.21,-38.91
-0.11,0.52,-0.82,-4.46,17.05,-25.09,0.22,-0.21,0.24,-41.00
-0.16,0.50,-0.81,14.91,-9.06,17.97,0.22,-0.22,0.24,-32.91
-0.10,0.52,-0.82,-16.25,10.59,-18.04,0.21,-0.21,0.26,-39.43
-0.12,0.52,-0.83,7.33,-3.69,5.33,0.22,-0.21,0.24,-36.30
-0.13,0.51,-0.82,-0.30,-1.07,1.46,0.21,-0.21,0.24,-41.26
-0.15,0.51,-0.82,2.42,-0.98,0.60,0.21,-0.21,0.25,-30.30
-0.14,0.51,-0.82,2.23,-1.22,2.62,0.21,-0.22,0.25,-27.96
-0.14,0.50,-0.82,-1.06,0.38,1.23,0.21,-0.21,0.24,-26.65
-0.14,0.49,-0.81,1.22,-0.55,-0.15,0.21,-0.21,0.25,-25.61
-0.14,0.50,-0.83,0.43,-0.52,1.36,0.21,-0.21,0.24,-25.35
-0.14,0.49,-0.83,1.81,-1.21,2.27,0.22,-0.21,0.24,-25.09
-0.13,0.52,-0.83,-1.01,-0.25,0.45,0.21,-0.21,0.25,-29.78
-0.17,0.44,-0.85,9.34,-3.05,1.01,0.21,-0.20,0.26,-39.43
-0.15,0.49,-0.83,1.50,1.53,-2.26,0.22,-0.20,0.26,-33.17
-0.10,0.47,-0.85,7.18,-5.00,-11.73,0.24,-0.20,0.26,-41.00
-0.08,0.45,-0.85,-2.67,-2.07,12.04,0.24,-0.19,0.26,-40.74
-0.09,0.46,-0.86,0.90,0.34,0.55,0.24,-0.19,0.26,-40.48
-0.09,0.47,-0.86,2.46,0.17,-2.62,0.24,-0.20,0.25,-41.00
-0.09,0.47,-0.85,2.18,2.63,0.62,0.24,-0.20,0.26,-41.00
0.00,0.60,-0.81,21.88,6.64,-4.84,0.25,-0.20,0.25,-40.22
0.11,0.31,-0.82,-9.97,-47.43,65.14,0.25,-0.23,0.20,-39.43
0.49,0.85,-0.56,-60.98,11.68,-18.21,0.31,-0.22,0.13,-41.26
-0.13,0.61,-0.80,-36.79,60.98,77.47,0.22,-0.24,0.16,-40.74
0.04,0.58,-0.79,-3.50,-8.70,12.13,0.22,-0.24,0.15,-40.22
-0.04,0.51,-0.83,10.40,3.23,4.13,0.20,-0.24,0.17,-30.04
-0.03,0.48,-0.78,-4.32,-1.37,0.16,0.19,-0.23,0.18,-26.39
-0.08,0.53,-0.79,1.37,4.26,5.88,0.16,-0.23,0.20,-25.35
-0.13,0.53,-0.84,-2.30,0.36,3.18,0.15,-0.24,0.20,-24.04
-0.14,0.49,-0.84,-3.74,0.15,4.96,0.14,-0.23,0.21,-23.78
-0.16,0.44,-0.86,1.32,-0.96,7.58,0.13,-0.24,0.21,-23.26
-0.17,0.44,-0.84,-2.73,0.96,7.86,0.12,-0.23,0.21,-23.26
-0.19,0.43,-0.86,-4.54,1.55,9.04,0.11,-0.23,0.22,-22.48
-0.22,0.39,-0.87,-7.12,3.56,9.19,0.10,-0.22,0.22,-22.48
-0.18,0.44,-0.85,-1.01,1.36,1.11,0.09,-0.22,0.21,-22.74
-0.22,0.40,-0.87,4.44,-1.45,0.33,0.10,-0.22,0.22,-22.74
-0.22,0.39,-0.86,-0.92,0.69,0.27,0.10,-0.22,0.21,-22.74
-0.22,0.40,-0.87,1.60,-0.96,1.62,0.10,-0.22,0.22,-21.96
-0.21,0.39,-0.87,0.73,-0.41,2.41,0.10,-0.22,0.23,-21.96
-0.25,0.35,-0.87,2.25,0.57,0.03,0.08,-0.21,0.24,-22.22
-0.24,0.34,-0.88,1.01,0.33,0.94,0.09,-0.21,0.24,-22.22
-0.25,0.34,-0.88,0.12,0.31,0.88,0.09,-0.21,0.24,-21.70
-0.25,0.33,-0.88,1.77,-0.18,2.05,0.09,-0.20,0.24,-21.70
-0.26,0.33,-0.88,-7.84,0.45,6.31,0.08,-0.20,0.25,-40.74
-0.25,0.32,-0.89,-6.49,0.52,2.57,0.08,-0.20,0.25,-40.48
-0.26,0.29,-0.89,0.16,-0.59,2.12,0.08,-0.19,0.26,-36.04
-0.27,0.29,-0.89,1.58,-0.16,3.21,0.07,-0.20,0.26,-37.35
-0.26,0.30,-0.89,2.02,-0.84,0.91,0.08,-0.20,0.26,-34.74
-0.26,0.31,-0.89,-0.55,0.24,0.94,0.08,-0.19,0.25,-35.26
-0.25,0.32,-0.89,-1.64,-2.39,-0.38,0.08,-0.20,0.26,-36.04
-0.26,0.27,-0.88,3.51,1.82,5.36,0.08,-0.19,0.26,-36.04
-0.25,0.29,-0.88,-13.52,6.38,24.81,0.06,-0.19,0.27,-37.35
-0.12,0.27,-1.11,4.53,-45.76,6.21,0.05,-0.21,0.26,-29.52
-0.28,0.14,-0.94,-56.94,49.87,0.12,0.04,-0.11,0.32,-27.70
-0.50,-0.17,-0.86,8.46,-3.19,-13.42,0.04,-0.07,0.33,-30.30
-0.34,0.03,-0.90,5.62,-4.03,15.33,0.03,-0.09,0.33,-26.65
-0.38,0.06,-0.87,17.83,-2.74,27.49,0.02,-0.10,0.32,-25.09
-0.40,-0.04,-0.88,-8.48,5.81,5.36,0.01,-0.10,0.33,-24.04
-0.35,0.01,-0.93,-6.07,3.24,7.77,-0.02,-0.07,0.32,-29.26
-0.35,-0.08,-0.91,-68.60,-27.25,-13.83,0.01,-0.05,0.35,4.39
-0.32,-0.26,-0.89,6.71,-11.00,-4.74,0.01,-0.03,0.35,13.78
-0.31,-0.25,-0.89,-17.60,10.49,8.89,0.00,0.00,0.37,17.17
-0.37,-0.34,-0.85,-3.83,5.43,1.85,-0.02,0.02,0.37,18.48
-0.35,-0.42,-0.81,7.74,-7.04,5.21,-0.01,0.03,0.37,26.83
-0.42,-0.33,-0.86,4.74,-6.40,8.04,-0.01,0.02,0.37,16.91
-0.34,-0.40,-0.83,22.60,-10.73,-9.21,0.01,-0.00,0.37,15.09
-0.29,-0.14,-0.93,3.36,1.88,3.53,0.03,-0.03,0.37,17.43
-0.32,-0.29,-0.91,-18.13,-59.22,-35.45,0.07,-0.01,0.38,-42.04
-0.20,-0.30,-0.90,-15.72,4.90,2.95,0.09,0.02,0.38,-42.04
-0.13,-0.26,-0.87,-2.02,1.49,2.14,0.08,0.02,0.39,-41.78
-0.21,-0.32,-0.91,-1.58,0.78,1.60,0.08,0.02,0.39,-42.04
-0.21,-0.33,-0.91,1.89,-0.80,2.81,0.08,0.02,0.39,-41.78
-0.21,-0.33,-0.90,7.04,-2.16,0.92,0.09,0.01,0.39,-41.78
-0.20,-0.31,-0.92,0.45,0.38,1.18,0.07,0.02,0.39,-42.04
-0.19,-0.30,-0.91,-1.27,1.51,2.78,0.08,0.01,0.39,-42.04
-0.20,-0.32,-0.91,5.72,-2.86,0.09,0.08,0.01,0.39,-42.04
-0.19,-0.29,-0.91,-1.80,1.72,2.38,0.08,0.01,0.38,-39.70
-0.22,-0.33,-0.90,9.25,-2.85,1.65,0.08,0.01,0.39,-19.87
-0.20,-0.31,-0.90,-4.75,1.28,2.92,0.08,0.02,0.39,-19.61
-0.18,-0.57,-1.07,-4.99,0.96,-0.44,0.08,0.01,0.39,-10.48
-0.17,-0.28,-0.90,2.36,-1.97,3.40,0.08,0.02,0.39,-12.30
-0.01,-0.29,-0.92,6.38,-5.48,4.84,0.08,0.01,0.38,-16.74
-0.22,-0.31,-0.92,14.79,-8.69,1.57,0.09,-0.00,0.39,-36.30
-0.13,-0.13,-1.01,-0.54,-3.70,-3.96,0.12,-0.04,0.37,19.26
-0.17,-0.25,-0.96,-8.74,13.06,-25.95,0.10,0.00,0.39,22.39
-0.24,-0.20,-0.94,15.20,-9.69,-36.56,0.12,-0.01,0.39,14.57
-0.21,-0.28,-0.89,-22.58,-33.44,48.79,0.21,-0.01,0.40,17.96
-0.26,-0.26,-1.32,108.13,-74.84,14.59,0.16,0.01,0.40,26.04
-0.16,-0.31,-0.85,113.67,-6.46,12.20,0.16,-0.03,0.38,26.83
-0.17,-0.10,-0.96,2.97,-0.87,2.21,0.14,-0.04,0.37,26.57
-0.17,-0.11,-0.96,20.15,-5.12,-0.45,0.15,-0.05,0.37,26.83
-0.15,-0.05,-0.97,1.28,-1.30,1.24,0.16,-0.06,0.36,-14.39
-0.16,-0.07,-0.97,3.46,-1.72,1.38,0.15,-0.06,0.36,28.65
-0.14,-0.04,-0.97,0.77,0.19,2.10,0.15,-0.06,0.37,28.39
-0.16,-0.07,-0.97,2.98,-1.37,1.52,0.15,-0.06,0.37,27.87
-0.18,-0.07,-0.97,2.50,-1.88,1.23,0.15,-0.06,0.37,-39.70
-0.17,-0.07,-0.97,2.93,-1.15,1.27,0.15,-0.06,0.37,18.48
-0.17,-0.05,-0.97,-1.10,0.95,1.41,0.14,-0.06,0.37,15.09
-0.17,-0.07,-0.97,1.15,-0.26,1.26,0.15,-0.06,0.36,25.52
-0.18,-0.07,-0.97,2.92,-1.59,1.24,0.15,-0.05,0.37,27.87
-0.16,-0.07,-0.96,1.01,-1.19,1.61,0.14,-0.06,0.36,27.35
-0.16,-0.06,-0.97,2.49,-0.57,2.32,0.14,-0.06,0.37,27.35
-0.17,-0.06,-0.96,1.32,0.00,1.95,0.14,-0.06,0.37,27.61
-0.17,-0.06,-0.96,1.03,-0.27,1.71,0.14,-0.05,0.38,27.35
-0.16,-0.08,-0.95,-0.19,-0.18,1.39,0.14,-0.06,0.37,22.39
-0.17,-0.06,-0.98,1.36,-0.68,1.49,0.14,-0.06,0.36,26.30
-0.17,-0.07,-0.97,0.44,-0.30,1.56,0.14,-0.06,0.37,25.78
-0.18,-0.06,-0.97,1.59,-0.96,0.90,0.14,-0.06,0.38,26.30
-0.17,-0.07,-0.96,0.15,-0.07,1.00,0.14,-0.06,0.37,18.22
-0.19,-0.08,-0.96,1.34,-0.56,1.15,0.14,-0.06,0.38,-3.43
-0.18,-0.08,-0.96,1.86,-0.27,1.48,0.14,-0.06,0.37,-1.09
-0.17,-0.07,-0.98,2.21,-0.44,3.06,0.14,-0.06,0.38,3.35
-0.19,-0.08,-0.96,0.18,0.34,1.28,0.14,-0.06,0.37,5.70
-0.17,-0.05,-0.97,1.16,0.01,1.99,0.14,-0.06,0.37,6.74
-0.18,-0.05,-0.97,2.85,-0.87,1.24,0.13,-0.07,0.37,6.22
-0.17,-0.06,-0.97,5.51,-2.34,1.29,0.14,-0.07,0.36,7.78
-0.17,-0.04,-0.96,5.43,-3.49,-0.15,0.14,-0.07,0.36,7.78
-0.13,-0.02,-0.97,2.26,-2.70,-1.20,0.15,-0.08,0.36,7.78
-0.15,-0.02,-0.96,0.96,-0.33,1.14,0.15,-0.08,0.35,7.26
-0.14,-0.02,-0.97,1.77,-0.77,0.97,0.15,-0.08,0.35,7.26
-0.14,-0.01,-0.97,1.46,-0.31,1.45,0.15,-0.08,0.36,7.00
-0.14,-0.01,-0.97,1.23,-0.48,1.73,0.15,-0.08,0.36,6.22
-0.14,-0.01,-0.99,1.01,-0.82,1.50,0.15,-0.08,0.36,5.70
-0.14,-0.02,-0.97,-0.07,0.60,1.54,0.15,-0.08,0.36,4.91
-0.14,-0.02,-0.97,0.91,0.04,1.39,0.14,-0.07,0.35,4.65
-0.15,-0.03,-0.97,1.94,-0.83,1.30,0.14,-0.08,0.36,3.87
-0.15,-0.02,-0.97,1.65,-0.78,1.35,0.14,-0.08,0.35,3.87
-0.16,-0.02,-0.98,1.59,-0.53,1.23,0.15,-0.08,0.36,3.61
-0.16,-0.02,-0.96,0.93,-0.44,1.50,0.14,-0.08,0.36,3.09
-0.15,-0.02,-0.97,1.78,-0.62,1.56,0.14,-0.08,0.36,2.83
-0.14,-0.02,-0.98,0.89,0.01,1.09,0.15,-0.08,0.36,3.61
-0.15,-0.01,-0.97,2.09,-0.98,1.01,0.15,-0.08,0.35,3.35
-0.15,-0.02,-0.97,1.03,-0.79,2.04,0.15,-0.08,0.36,4.13
-0.14,-0.01,-0.98,1.21,-0.80,1.60,0.15,-0.08,0.35,4.13
-0.15,-0.02,-0.97,2.06,-1.47,1.63,0.15,-0.08,0.36,3.61
-0.15,-0.02,-0.97,1.06,-1.06,1.27,0.14,-0.08,0.36,3.35
-0.15,-0.01,-0.97,0.52,-0.26,1.75,0.14,-0.08,0.36,2.04
-0.15,-0.02,-0.98,1.12,-0.95,1.10,0.15,-0.08,0.36,1.52
-0.16,-0.02,-0.98,0.72,-0.77,1.80,0.15,-0.08,0.36,1.26
-0.15,-0.02,-0.97,1.93,-1.52,1.18,0.14,-0.08,0.36,1.52
-0.14,-0.01,-0.97,0.58,-0.58,1.54,0.15,-0.08,0.36,1.52
-0.15,-0.02,-0.97,0.92,-1.28,1.29,0.14,-0.08,0.36,1.52
-0.15,-0.02,-0.97,0.88,-0.19,1.29,0.14,-0.07,0.35,1.52
-0.15,-0.03,-0.98,0.90,-0.23,1.28,0.15,-0.08,0.35,1.52
-0.15,-0.03,-0.97,2.02,-1.38,0.70,0.15,-0.08,0.37,1.52
-0.15,-0.02,-0.97,1.23,-0.39,1.51,0.15,-0.08,0.36,1.26
-0.15,-0.02,-0.97,0.96,-0.32,1.08,0.14,-0.07,0.36,1.26
-0.14,-0.02,-0.98,0.76,-0.51,1.20,0.15,-0.07,0.37,0.74
-0.14,-0.03,-0.98,1.12,-0.37,1.48,0.14,-0.07,0.37,0.22
-0.15,-0.03,-0.98,1.14,-0.25,1.39,0.14,-0.07,0.36,0.48
-0.15,-0.03,-0.97,1.48,-0.68,1.42,0.15,-0.07,0.36,-0.04
