1.01	0.01	0.11	0.76	0.33	2.41	0.55	-0.33	-0.79	21.61
1	0.01	0.12	0.32	0.63	2.93	0.55	-0.33	-0.78	21.61
1	0.01	0.11	0.7	0.18	2.55	0.55	-0.33	-0.78	21.35
1	0.02	0.11	0.31	0.37	2.68	0.55	-0.32	-0.78	21.61
1	0.01	0.12	0.3	0.32	2.64	0.55	-0.33	-0.79	21.61
1	0	0.11	0.6	0.33	2.44	0.55	-0.33	-0.78	21.35
1	0.01	0.12	0.72	0.24	2.89	0.55	-0.32	-0.78	21.61
1	0.01	0.12	0.5	0.25	2.78	0.56	-0.33	-0.78	21.61
1.01	0.01	0.11	0.41	0.42	2.55	0.55	-0.33	-0.78	21.35
1	0.01	0.12	0.63	0.39	2.66	0.56	-0.33	-0.78	21.61
1	0.01	0.11	0.45	0.28	2.77	0.56	-0.33	-0.78	21.35
1.01	0.01	0.12	0.31	0.12	2.65	0.56	-0.33	-0.78	21.35
1.01	0	0.12	0.49	0.4	2.78	0.56	-0.32	-0.79	21.61
1	0.01	0.12	0.46	0.18	2.64	0.56	-0.32	-0.78	21.35
0.99	0.01	0.12	0.38	0.53	2.89	0.55	-0.33	-0.79	21.35
1	0.01	0.12	0.43	0.28	2.76	0.55	-0.32	-0.78	21.35
1	0.01	0.12	0.48	0.27	2.61	0.56	-0.32	-0.78	21.61
1.01	0.01	0.11	0.19	0.51	2.7	0.55	-0.32	-0.78	21.61
1	0.01	0.11	0.52	0.45	2.45	0.55	-0.32	-0.79	21.61
1	0.01	0.12	0.45	0.31	2.52	0.55	-0.32	-0.79	21.35
1	0.01	0.11	0.47	0.27	2.91	0.55	-0.32	-0.78	21.35
1	0.01	0.11	0.64	0.23	2.65	0.55	-0.33	-0.78	21.35
1.01	0.01	0.12	0.64	0.28	2.84	0.56	-0.33	-0.78	21.61
1	0.01	0.11	0.53	0.33	2.52	0.55	-0.32	-0.78	21.35
1	0.02	0.11	0.53	0.31	2.8	0.55	-0.32	-0.79	21.35
1	0.01	0.12	0.73	0.38	2.77	0.55	-0.32	-0.78	21.61
1	0.02	0.12	0.5	0.24	2.76	0.55	-0.32	-0.78	21.87
1.01	0.02	0.11	0.76	0.17	2.95	0.55	-0.33	-0.79	21.35
1	0.01	0.12	0.51	0.42	2.47	0.56	-0.33	-0.79	21.35
1	0.01	0.13	0.48	0.16	2.55	0.55	-0.33	-0.79	21.61
1	0.02	0.11	0.37	0.1	2.52	0.56	-0.33	-0.78	21.61
1	0.02	0.11	0.38	0.14	2.84	0.56	-0.33	-0.78	21.35
0.99	0.01	0.12	0.45	0.28	2.64	0.55	-0.33	-0.78	21.61
1	0.01	0.12	0.6	0.38	2.63	0.55	-0.33	-0.79	21.35
1	0.01	0.11	0.54	0.27	2.9	0.56	-0.33	-0.78	21.35
1	0.01	0.12	0.3	0.17	2.74	0.56	-0.33	-0.78	21.35
1	0.01	0.12	0.6	-0.04	2.62	0.56	-0.33	-0.79	21.35
1	0.01	0.12	0.61	0.33	2.64	0.56	-0.33	-0.79	21.35
1	0	0.12	0.67	0.11	2.56	0.55	-0.33	-0.78	21.87
1	0.01	0.11	0.68	0.17	2.87	0.55	-0.33	-0.77	21.61
1	0.01	0.11	0.35	0.24	2.51	0.55	-0.32	-0.79	21.35
1	0.01	0.11	0.63	0.2	2.66	0.54	-0.33	-0.79	21.35
1.01	0.01	0.12	0.52	0.27	2.54	0.55	-0.33	-0.79	21.35
0.99	0.01	0.11	0.79	0.3	3.01	0.55	-0.33	-0.78	21.35
1	0.02	0.11	1.15	0.15	2.82	0.55	-0.32	-0.78	21.61
0.95	0.14	0.08	4.06	1.1	-7.4	0.56	-0.32	-0.77	21.61
1.04	-0.04	0.19	-11.86	-0.39	3.17	0.55	-0.32	-0.78	21.35
1.18	0.29	0.11	-45.89	22.14	-15.46	0.54	-0.21	-0.78	21.61
7.44	0.84	1.66	11.39	29.7	-47.62	0.51	-0.21	-0.69	21.35
6.4	0.6	1.49	-25.74	21.21	-14.29	0.51	-0.16	-0.65	21.61
4.71	0.69	1.33	-1.92	8.77	-10.02	0.51	-0.12	-0.63	21.61
2.53	0.35	0.67	7.69	23.13	-23.41	0.5	-0.11	-0.62	21.61
0.59	0.01	0.05	47.31	20.54	3.12	0.5	-0.15	-0.62	21.61
-0.38	0.06	0.03	42.36	21.36	-8.51	0.48	-0.2	-0.64	21.61
-0.53	-0.09	0.14	38.43	-2	7.17	0.46	-0.25	-0.67	21.87
-0.58	0.34	0.06	34.18	2.51	19.39	0.44	-0.29	-0.7	21.61
-0.44	0.06	0.11	26.75	1.54	10.73	0.43	-0.32	-0.72	21.61
-0.38	0.03	-0.01	23.78	20.47	11.55	0.41	-0.34	-0.75	21.61
-0.34	0.01	-0.04	27.75	16.06	7.76	0.38	-0.37	-0.78	21.61
-0.26	-0.07	0.03	23.55	14.42	2.8	0.36	-0.39	-0.82	21.61
-0.26	0.04	0.01	24.72	17.39	16.35	0.33	-0.41	-0.85	21.61
-0.22	0.04	-0.05	12.06	24.53	24.44	0.3	-0.43	-0.87	21.35
-0.2	0.02	-0.03	14.78	21.25	19.07	0.27	-0.44	-0.91	21.87
-0.17	-0.04	0	20.19	16	10.06	0.23	-0.44	-0.94	21.61
-0.16	-0.02	-0.02	9.66	15.64	14.32	0.2	-0.45	-0.97	21.61
-0.18	0.01	0.02	7.32	13.28	25.12	0.16	-0.45	-0.98	21.61
-1.48	-0.06	-0.17	-73.82	173.33	198.57	0.2	-0.4	-1.13	23.17
-1.73	-0.25	-1.42	-136.68	-286.72	201.39	-0.31	-0.02	-0.98	23.17
-0.4	-0.7	1.04	286.68	-286.72	286.68	0.02	0.37	-1.05	22.91
0.71	-0.36	0.02	286.68	6.22	101.19	0.35	0.19	-1.21	22.39
2.96	0.28	-0.64	286.68	-286.72	286.68	0.27	0.01	-1.33	21.61
2.64	0.85	1.23	286.68	286.68	188.07	0.24	-0.2	-1.32	21.61
0.57	-0.25	1.08	286.68	286.68	286.68	0.32	-0.25	-1.24	21.09
1.79	-1.9	-0.24	286.68	-286.72	157.38	0.48	-0.29	-0.86	21.09
0.49	0.12	0.42	286.68	105.4	99.58	0.35	-0.39	-1.01	20.83
1.54	0.93	0.01	286.68	286.68	-286.72	0.53	-0.13	-0.72	20.83
1.23	-0.2	0.39	286.68	-44.73	80.83	0.58	-0.03	-0.84	20.57
1.34	0.57	0.16	286.68	194.86	-104.95	0.55	0.07	-1	20.57
0.85	0.19	-0.15	286.68	-5.34	-286.72	0.38	0.29	-1.08	20.3
0.75	0.28	-0.5	286.68	-93.14	-286.72	0.32	0.33	-1.06	20.04
1.41	0.03	0.11	286.68	-33.61	-89.6	0.38	0.28	-1.07	20.04
0.9	0.5	-0.1	286.68	243.6	-245.25	0.53	0.2	-0.9	19.78
1.38	-0.67	-0.35	286.68	-262.16	40.48	0.5	-0.04	-1.13	19.52
0.7	0.17	0.27	286.68	194.27	26.89	0.47	-0.16	-1.13	19.78
0.87	0.52	-0.18	286.68	255.56	-286.72	0.57	-0.12	-0.85	19.52
1.11	-0.22	0.06	286.68	-182.35	-37.14	0.58	0	-0.86	19.26
1.27	0.52	0	286.68	167.69	-171.25	0.57	-0.03	-0.93	19
1.12	-0.31	-0.13	286.68	-149.34	-24.38	0.52	-0.23	-0.96	19
1.05	0.17	0.03	286.68	168.17	-109.95	0.36	-0.18	-0.56	19
0.78	0.03	-0.15	286.68	-67.95	-229.01	0.3	0.37	-0.78	19
0.95	0.04	0.07	286.68	48.33	-15.7	0.41	-0.16	-1.21	18.48
1.13	0.09	-0.27	286.68	-41.13	-69.18	0.4	-0.04	-0.54	18.48
1.11	0.03	-0.11	286.68	19.35	-71.95	0.49	-0.01	-1.15	18.48
1	0.09	-0.14	286.68	1.56	-19.46	0.5	0.18	-0.72	18.22
1.18	0.14	-0.08	261.46	30.06	-55.53	0.53	-0.11	-0.7	18.22
1.07	0.04	0.17	123.29	72.11	-36.35	0.57	-0.12	-0.79	17.96
1.16	-0.03	-0.02	32.97	69.02	33.41	0.58	-0.09	-0.79	18.22
1.04	-0.05	-0.02	-76.44	71.74	33.81	0.56	-0.07	-0.72	17.96
1.08	0.18	-0.02	-188.1	68.1	4.13	0.54	0.05	-0.68	17.96
1.11	0.09	-0.07	-285.14	-0.81	-12.67	0.54	0.17	-0.85	17.96
0.96	0.04	-0.19	-286.72	-64.93	45.61	0.54	-0.1	-1.04	17.96
1.1	-0.01	-0.08	-286.72	-20.21	70.8	0.53	-0.1	-0.67	17.7
0.85	0.11	-0.05	-286.72	15.2	13.6	0.53	0.18	-0.95	17.7
1.13	0	-0.11	-286.72	-51.77	74.6	0.53	-0.19	-0.74	17.43
0.86	0.02	0	-286.72	61.78	52.54	0.54	0.16	-0.98	17.43
1.19	0.16	-0.17	-286.72	-111.12	96	0.5	-0.05	-0.62	17.43
0.98	0.04	-0.02	-286.72	54.68	78.02	0.55	-0.15	-0.97	17.43
1	0.11	-0.18	-286.72	-60.99	162.79	0.54	0.16	-0.97	17.17
0.91	0.05	0.07	-286.72	67.12	42.88	0.48	0.16	-0.66	17.43
1.11	0.04	-0.19	-286.72	-37.11	186.63	0.5	-0.09	-0.62	17.43
0.93	0.05	0.06	-286.72	33.5	79.2	0.54	-0.2	-0.81	16.91
1.13	0.12	-0.26	-286.72	-51.07	182.95	0.55	-0.1	-1.03	16.91
0.84	0.13	0.1	-286.72	22.15	35.67	0.52	0.2	-0.98	16.65
1.09	-0.07	-0.18	-286.72	-10.74	252.59	0.51	0.2	-0.75	16.65
0.82	0.1	0.02	-286.72	-7.04	67.44	0.51	-0.01	-0.63	16.91
1.28	0.09	-0.19	-286.72	-24.06	152.34	0.54	-0.21	-0.85	16.65
1.03	0.04	0.02	-286.72	39.1	66.49	0.55	0.06	-1.03	16.65
1.04	0.13	-0.17	-286.72	-102.23	111.61	0.54	0.13	-0.72	16.39
0.85	-0.02	-0.01	-286.72	43.47	90.17	0.54	-0.2	-0.84	16.39
0.96	0.15	-0.1	-286.72	-51.28	55.14	0.54	0.16	-0.96	16.65
0.95	-0.02	-0.1	-286.72	28.81	95.46	0.51	-0.13	-0.65	16.39
0.99	0.08	0	-286.72	-22.46	11.86	0.53	0.06	-1.06	16.39
1	0.03	-0.16	-286.72	-55.38	110.07	0.51	-0.12	-0.64	16.13
0.99	-0.03	-0.06	-286.72	22.75	58.78	0.54	0.16	-0.97	16.13
1.01	-0.01	-0.05	-286.72	5.16	62.46	0.53	-0.23	-0.89	16.13
0.97	0	0	-286.72	26.35	31.34	0.49	0.1	-0.63	16.13
1.03	0.08	-0.09	-286.72	-55.98	-9.66	0.47	0.18	-1.1	16.13
1.01	0.01	-0.2	-286.72	-31.47	62.16	0.46	-0.27	-1.04	15.87
0.93	-0.07	-0.12	-274.03	-6.11	62.37	0.46	-0.17	-0.62	16.13
1.1	-0.01	-0.03	-178.5	21.38	33.11	0.5	0.08	-0.62	15.61
1.02	0.02	-0.01	-128.86	48.65	14.22	0.52	0.19	-0.74	15.87
1.08	-0.01	0	-87.35	28.69	-1.4	0.53	0.2	-0.84	15.87
0.97	-0.02	0	-30.42	35.04	8.36	0.54	0.18	-0.9	15.61
1.1	-0.01	-0.02	21.99	2.44	6.55	0.53	0.2	-0.92	15.87
0.96	-0.04	-0.06	73.61	20.81	10.55	0.5	0.24	-0.87	15.61
1.01	-0.01	-0.08	116.65	20.02	17.54	0.47	0.25	-0.74	15.87
0.85	-0.04	-0.11	177.79	-17.87	47.36	0.47	0.08	-0.6	15.61
1.13	-0.03	-0.2	257.23	-36.68	0.99	0.48	-0.22	-0.69	15.61
0.97	0.01	-0.14	259.66	-63.24	-61.99	0.51	-0.17	-1.06	15.61
1.09	0.08	-0.16	283.63	3.52	-61.57	0.49	0.23	-1.02	15.61
0.85	0.05	-0.15	286.68	-4.73	-31.36	0.47	0.12	-0.61	15.35
1.01	0.06	-0.08	286.68	36.65	-52.78	0.49	-0.26	-0.8	15.35
1.12	0	-0.04	286.68	23.3	-6.1	0.54	0.01	-1.06	15.61
1.01	-0.03	-0.19	286.68	-33.89	-7.09	0.53	0.13	-0.71	15.61
1.04	0.07	-0.09	286.68	1.9	-85.86	0.55	-0.19	-0.85	15.35
1.04	0.12	-0.05	286.68	45.53	-63.02	0.55	0.17	-0.93	15.09
0.84	0.01	-0.05	286.68	10.38	-56.65	0.52	-0.13	-0.66	15.35
1.03	0.02	-0.02	286.68	-7.49	-57.29	0.52	0.05	-1.09	15.35
0.95	0.03	-0.1	286.68	36.48	-69.04	0.44	0	-0.56	15.35
0.95	0.07	-0.08	286.68	24.21	-45.91	0.48	-0.09	-1.15	15.09
1.1	0	-0.05	286.68	15.53	-63.02	0.43	0.12	-0.57	15.35
0.88	0.03	-0.09	286.68	-0.09	-119.95	0.52	-0.05	-1.08	15.09
1.33	0.06	0	286.68	86.12	-33.48	0.51	-0.05	-0.64	15.09
1	0.05	-0.09	286.68	-21.02	-85.99	0.55	0.11	-1	15.35
1.11	0.06	-0.11	286.68	57.63	-74.29	0.51	-0.2	-0.72	15.09
0.94	-0.01	-0.04	286.68	-4.38	-63.65	0.51	0.23	-0.89	15.35
0.91	0.13	-0.09	286.68	32.63	-87.77	0.5	-0.27	-0.88	15.09
0.82	0.02	-0.07	286.68	12.96	8.56	0.52	0.19	-0.75	15.09
1.08	0.09	-0.11	286.68	-18.33	-131.77	0.55	-0.14	-0.98	15.09
1.09	0.01	-0.07	286.68	39.29	-5.22	0.55	0.04	-0.7	15.09
1.11	0.03	-0.04	286.68	39.11	-78.1	0.59	-0.06	-0.85	14.83
1.17	-0.02	-0.18	286.68	-50.02	-36.63	0.58	0.04	-0.93	15.09
1.2	0.1	-0.12	286.68	41.98	-75.69	0.53	0.04	-0.66	14.83
1.09	0.04	-0.11	286.68	30.97	-25.28	0.53	-0.21	-0.89	14.83
1.04	0.02	-0.04	286.68	38.12	-2.27	0.53	0.11	-1.04	15.09
0.95	-0.02	-0.05	244.95	14.79	15.77	0.52	0.19	-0.73	14.83
1.02	-0.01	-0.04	169.02	-26.77	1.91	0.52	-0.02	-0.64	14.83
0.92	-0.01	-0.04	95.67	-12.92	13.31	0.52	-0.16	-0.69	15.09
0.98	0.03	-0.14	24.49	-31.41	-0.09	0.54	-0.19	-0.79	14.83
1	-0.18	-0.1	-39.45	-47.11	19.67	0.53	-0.22	-0.81	15.09
0.97	0.02	-0.11	-134.37	-21.59	3.26	0.52	-0.18	-0.7	14.83
1.04	0.02	-0.16	-189.02	-48.71	14.81	0.52	0.04	-0.64	14.57
1.03	0	-0.13	-278.06	-50.36	61.67	0.54	0.18	-0.91	14.83
1.09	0	-0.09	-286.72	20.6	71.22	0.54	-0.17	-0.99	14.83
0.95	0	-0.04	-286.72	11.14	41.8	0.5	0.01	-0.61	14.57
1.02	0.02	0	-286.72	21.06	33.01	0.51	0.19	-0.99	14.57
1.03	0.05	-0.13	-286.72	-42.37	50.35	0.51	-0.26	-0.81	14.83
0.99	-0.01	-0.07	-286.72	19	103.93	0.5	0.23	-0.74	14.57
1.14	0.15	-0.08	-286.72	0.28	36.63	0.5	-0.21	-1.03	14.57
0.99	0.02	-0.13	-286.72	-42.12	97.4	0.47	0.17	-0.65	14.57
1.01	0.06	-0.09	-286.72	45.96	42.75	0.53	-0.11	-1.05	14.57
1.07	0.05	-0.09	-286.72	-62.76	50.9	0.54	0.09	-0.67	14.3
0.98	-0.02	-0.1	-286.72	9.94	112.84	0.56	-0.08	-1	14.57
1.05	0.03	-0.03	-286.72	36.15	3.82	0.52	0.11	-0.65	14.57
1.02	0.1	-0.13	-286.72	-52.32	38.46	0.53	-0.03	-1.08	14.57
1.11	-0.01	-0.14	-286.72	-17.51	86.81	0.49	-0.09	-0.6	14.57
0.99	0	-0.05	-286.72	19.53	49.95	0.51	0.21	-1.02	14.57
0.97	0.06	-0.06	-286.72	-9.15	49.21	0.47	-0.31	-0.85	14.3
1.01	0.1	-0.17	-286.72	-53.97	50.07	0.46	0.14	-0.61	14.3
0.97	-0.01	-0.09	-286.72	11.32	91.96	0.54	0.1	-1.04	14.3
1.1	-0.01	0	-286.72	68.56	60.52	0.52	-0.25	-0.85	14.3
0.97	0.05	-0.02	-286.72	36.89	12.65	0.49	0.05	-0.6	14.3
0.97	0.07	-0.08	-276.53	-0.99	16.92	0.52	0.22	-0.88	14.3
1.15	0.08	-0.11	-244.74	-48.17	-6.14	0.52	0.05	-1.1	14.3
0.99	-0.05	-0.12	-201.1	-62.42	51.17	0.51	-0.19	-1.05	14.3
0.86	-0.01	-0.09	-185.76	-0.04	54.8	0.49	-0.27	-0.81	14.3
0.98	0.01	-0.11	-192.24	20.17	14.75	0.5	-0.08	-0.61	14.3
1.09	-0.02	-0.06	-159.11	19.46	2.21	0.51	0.18	-0.69	14.3
0.85	0.01	-0.08	-69.23	16.9	39.58	0.52	0.21	-0.82	14.3
1.09	-0.03	-0.06	4.17	28.88	18.79	0.53	0.21	-0.83	14.3
0.93	-0.03	-0.09	82.75	20.82	13.15	0.52	0.21	-0.77	14.57
1.01	0	-0.1	175.13	28.63	19.73	0.52	0.08	-0.64	14.04
1.05	0.03	-0.07	227.95	35.83	3.82	0.52	-0.14	-0.67	14.3
0.91	0	-0.1	210.94	-14.67	8.41	0.54	-0.2	-0.9	14.3
0.98	-0.01	-0.11	211.95	-32.08	-18.58	0.55	-0.04	-1.03	14.04
0.9	0	-0.11	225.93	-12.96	-46.74	0.52	0.2	-0.94	14.04
0.89	0.08	-0.14	260.97	16.2	-57.79	0.51	0.15	-0.67	14.3
1.15	0.04	-0.06	285.45	74.2	-44.85	0.49	-0.17	-0.65	14.04
0.91	0.01	0.02	283.66	61.98	-15.82	0.53	-0.21	-0.97	14.04
1.23	0.06	-0.11	286.68	-3.65	-6.47	0.53	0.11	-1.06	14.04
1.01	0.01	-0.12	286.68	-23.58	-16.97	0.51	0.18	-0.71	14.3
0.99	-0.01	-0.15	286.68	-21.88	-23.62	0.52	-0.21	-0.75	14.04
0.9	0	-0.05	286.68	16.6	-76.01	0.55	0.03	-1.04	14.04
1.09	0.06	-0.1	286.68	49.38	-55.13	0.52	0.12	-0.67	14.04
0.92	0.05	-0.13	286.68	13.68	-56.34	0.55	-0.2	-0.84	14.04
0.98	0	-0.04	286.68	24.71	17.52	0.57	0.02	-0.99	14.3
1.01	0.02	-0.13	286.68	-8.14	-50.4	0.54	0.13	-0.71	14.3
0.88	0.06	-0.13	286.68	40.34	-59.32	0.53	-0.17	-0.72	14.04
0.98	-0.03	-0.02	286.68	10.99	-24.62	0.53	-0.04	-1.07	14.04
0.89	-0.01	-0.12	286.68	5.41	6.89	0.53	0.19	-0.76	14.3
1.07	0.15	-0.18	286.68	-13.27	-61.07	0.53	-0.17	-0.7	14.04
0.85	0.08	-0.05	286.68	52.65	-58.06	0.56	-0.06	-1.03	14.3
0.91	-0.06	-0.06	286.68	30.66	32.03	0.56	0.17	-0.86	14.3
1.02	0.01	-0.2	286.68	-31.67	-12.24	0.54	0.02	-0.67	14.04
1.04	0.11	-0.12	237.64	-1.16	-69.61	0.56	-0.16	-0.77	14.3
1.18	0.01	-0.05	199.21	8.9	-37.69	0.57	-0.12	-0.95	14.04
0.9	-0.04	0	189.2	40	15.3	0.56	0.03	-1.01	14.3
1.13	-0.05	-0.1	187.93	6.62	10.88	0.55	0.17	-0.94	14.04
0.93	-0.01	-0.13	145.29	-3.61	3.6	0.51	0.21	-0.85	14.32
0.11	0.14	-1.03	-20.11	-0.79	0.42	0.36	0.1	-0.52	14.83
0.11	0.1	-1.03	-1.02	0.08	2.63	0.36	0.11	-0.5	14.83
0.11	0.1	-1.02	2.53	0.31	3.64	0.36	0.11	-0.51	14.57
0.11	0.09	-1.02	0.67	0.03	3.11	0.36	0.11	-0.52	14.83
0.11	0.1	-1.02	0.65	0.16	3.1	0.36	0.11	-0.52	15.09
0.12	0.09	-1.01	4.21	0.52	3.5	0.36	0.11	-0.51	14.83
0.11	0.08	-1.02	6.25	0.5	4.02	0.37	0.1	-0.52	14.83
0.12	0.09	-1.02	7.03	0.73	3.7	0.36	0.09	-0.51	14.83
0.11	0.11	-1.02	1.63	0.45	3.42	0.36	0.09	-0.52	14.83
0.11	0.11	-1.01	-2.55	-0.03	2.77	0.35	0.1	-0.52	14.83
0.12	0.1	-1.01	4.34	0.13	3.73	0.36	0.11	-0.51	14.83
0.12	0.08	-1.01	0.12	0.31	2.82	0.35	0.1	-0.52	14.83
0.11	0.09	-1.01	5.21	0.69	3.8	0.36	0.11	-0.52	14.57
0.11	0.1	-1.01	3.4	0.47	3.42	0.36	0.11	-0.51	14.83
0.12	0.1	-1.01	1.5	0.33	3.23	0.36	0.11	-0.52	14.83
0.11	0.1	-1.01	0.51	0.2	2.98	0.35	0.11	-0.52	14.83
0.12	0.09	-1.01	1.13	0.14	3.1	0.36	0.11	-0.52	15.09
0.11	0.09	-1.01	0.41	0.39	3.1	0.36	0.11	-0.51	15.09
0.12	0.09	-1.01	3.89	0.35	3.63	0.36	0.1	-0.53	14.83
0.12	0.1	-1.01	0.7	0.12	2.98	0.35	0.1	-0.52	15.09
0.11	0.09	-1.01	2.14	0.25	3.19	0.36	0.1	-0.52	15.09
0.11	0.09	-1.01	0.74	0.1	3.27	0.36	0.1	-0.53	15.09
0.11	0.1	-1.01	-3.43	0.03	2.63	0.36	0.1	-0.52	15.09
0.11	0.07	-1.02	-2.69	-0.02	2.8	0.36	0.11	-0.52	15.09
0.11	0.07	-1.01	-0.67	0.2	2.93	0.35	0.11	-0.52	15.35
0.11	0.09	-1.01	0.84	0.17	3.08	0.36	0.11	-0.52	15.35
0.12	0.09	-1.01	0.71	0.18	2.99	0.36	0.1	-0.53	15.09
0.12	0.09	-1.01	0.43	0.09	3.04	0.36	0.1	-0.53	15.09
0.11	0.08	-1.02	0.51	0.24	3.26	0.36	0.09	-0.52	15.09
0.11	0.09	-1	0.48	0.08	2.85	0.36	0.1	-0.51	15.09
0.11	0.09	-1.01	0.31	0.19	2.84	0.36	0.11	-0.51	15.09
0.11	0.09	-1.01	0.95	0.14	2.99	0.36	0.11	-0.51	15.09
0.12	0.08	-1.01	0.7	0.11	3.12	0.36	0.11	-0.53	15.35
0.11	0.09	-1.01	0.53	0.09	3.19	0.36	0.11	-0.53	15.09
0.11	0.09	-1.01	0.61	0.14	2.97	0.36	0.11	-0.52	15.09
0.11	0.09	-1	0.41	0.24	3.05	0.36	0.11	-0.52	15.35
0.12	0.08	-1.01	0.57	0.37	3.16	0.35	0.11	-0.53	15.35
0.11	0.09	-1.01	0.62	0.22	3.05	0.35	0.1	-0.53	15.09
0.11	0.08	-1.01	0.54	0.3	3.08	0.35	0.1	-0.53	15.09
0.11	0.09	-1.01	0.57	0.17	3.09	0.36	0.11	-0.53	15.09
0.11	0.09	-1.01	1.3	-0.05	3.19	0.36	0.1	-0.53	15.09
0.12	0.09	-1	-0.08	0.07	3.12	0.36	0.1	-0.52	15.35
0.11	0.09	-1.01	0.49	-0.01	2.94	0.36	0.1	-0.54	15.09
0.1	0.09	-1.01	0.74	0.37	3.06	0.36	0.1	-0.53	15.09
0.11	0.09	-1.01	1.01	0.23	3.13	0.36	0.11	-0.53	15.35
0.12	0.08	-1.01	0.59	0.28	3.1	0.36	0.11	-0.52	15.35
0.11	0.09	-1.01	0.39	0.39	3.24	0.37	0.1	-0.52	15.09
0.11	0.09	-1.01	0.19	-0.05	3.18	0.36	0.1	-0.52	15.35
0.11	0.1	-1	0.25	0.09	3	0.36	0.1	-0.53	15.09
0.12	0.09	-1.01	1.12	0.24	2.98	0.36	0.1	-0.53	15.35
0.12	0.09	-1.02	0.26	0.14	3.22	0.36	0.11	-0.53	15.35
0.12	0.09	-1.01	0.47	0.05	2.91	0.36	0.1	-0.52	15.35
0.11	0.08	-1.01	0.5	0.18	2.94	0.36	0.1	-0.52	15.35
0.12	0.09	-1.01	0.67	0.25	3.01	0.36	0.1	-0.51	15.35
0.11	0.09	-1.01	0.88	0.26	3.25	0.36	0.1	-0.52	15.09
0.12	0.08	-1.01	0.6	0.42	3.18	0.36	0.1	-0.51	15.61
0.12	0.09	-1.01	0.92	0.35	3	0.36	0.11	-0.52	15.61
0.12	0.09	-1.01	0.53	0.38	3.05	0.36	0.1	-0.53	15.35
0.11	0.09	-1.01	0.52	0.25	3.29	0.36	0.11	-0.52	15.35
0.11	0.09	-1	0.6	0.22	2.89	0.36	0.1	-0.52	15.35
0.11	0.09	-1.01	0.52	0.05	3.04	0.37	0.11	-0.52	15.35
0.11	0.09	-1.01	0.77	-0.01	2.88	0.36	0.11	-0.52	15.35
0.11	0.09	-1.01	0.68	0.15	3.07	0.36	0.11	-0.52	15.35
0.11	0.1	-1.02	0.54	0.11	2.89	0.36	0.11	-0.51	15.61
0.11	0.08	-1.01	0.58	0.19	3.08	0.36	0.1	-0.52	15.61
0.11	0.08	-1.02	0.41	0.21	3.42	0.36	0.11	-0.53	15.35
0.12	0.09	-1.01	0.75	0.45	3	0.36	0.11	-0.52	15.35
0.11	0.09	-1.02	0.67	0.1	3.12	0.37	0.11	-0.53	15.61
0.12	0.08	-1.01	0.45	0.11	2.98	0.36	0.11	-0.53	15.35
0.12	0.08	-1.02	0.42	0.21	2.97	0.36	0.1	-0.53	15.35
0.12	0.1	-1.01	0.46	0.12	2.96	0.36	0.11	-0.52	15.35
0.12	0.08	-1.01	0.79	0.24	3	0.36	0.1	-0.52	15.61
0.11	0.08	-1.02	0.5	0.31	2.91	0.36	0.11	-0.53	15.35
0.12	0.09	-1.01	0.38	0.23	2.78	0.36	0.1	-0.52	15.61
0.11	0.08	-1.01	0.44	0.27	3	0.36	0.1	-0.53	15.61
0.11	0.09	-1.01	0.52	0.24	2.98	0.36	0.11	-0.53	15.61
0.11	0.08	-1.01	0.47	0	3.04	0.36	0.1	-0.52	15.61
0.12	0.09	-1.01	0.55	0.01	3.23	0.36	0.11	-0.52	15.87
0.12	0.08	-1.01	0.64	-0.04	3.18	0.35	0.11	-0.53	15.61
0.12	0.09	-1.01	0.47	0.31	2.9	0.36	0.1	-0.52	15.61
0.11	0.08	-1.01	0.47	-0.03	2.95	0.36	0.1	-0.52	15.61
0.11	0.08	-1.01	0.68	0.17	3.05	0.35	0.11	-0.53	15.61
0.11	0.08	-1.01	0.33	0.18	2.95	0.36	0.11	-0.53	15.61
0.12	0.09	-1.01	0.36	0.23	3.11	0.36	0.1	-0.53	15.87
0.12	0.08	-1.01	0.32	0.26	3.05	0.36	0.1	-0.53	15.35
0.11	0.09	-1.01	0.67	0.24	2.98	0.36	0.11	-0.52	15.61
0.11	0.09	-1.01	0.79	0.03	2.89	0.36	0.1	-0.53	15.61
0.11	0.09	-1.01	0.68	0.18	3	0.36	0.1	-0.52	15.61
0.12	0.09	-1	0.6	0.42	2.91	0.36	0.1	-0.52	15.61
0.12	0.09	-1.01	0.53	0.31	2.9	0.36	0.1	-0.52	15.61
0.12	0.09	-1.01	0.39	0.47	2.93	0.35	0.1	-0.52	15.87
0.11	0.09	-1	0.51	0.31	3.12	0.36	0.1	-0.51	15.61
0.11	0.08	-1	0.32	0.16	3.05	0.36	0.1	-0.53	15.87
0.12	0.08	-1.02	0.36	-0.05	2.99	0.36	0.1	-0.52	15.87
0.11	0.08	-1.01	0.64	0.07	3	0.36	0.11	-0.53	15.87
0.11	0.08	-1.02	0.32	0.37	3	0.36	0.11	-0.52	15.87
0.12	0.08	-1.01	0.31	0.18	2.98	0.35	0.1	-0.53	15.87
0.1	0.09	-1.01	0.63	0.17	3.1	0.36	0.1	-0.53	15.61
0.12	0.09	-1.01	0.74	0.48	3.03	0.36	0.1	-0.53	15.61
0.12	0.08	-1.01	0.57	0.09	2.95	0.36	0.11	-0.52	15.87
0.12	0.09	-1.01	0.45	-0.04	3.09	0.36	0.1	-0.52	15.87
0.11	0.09	-1	0.45	0.34	2.91	0.36	0.1	-0.52	15.61
0.11	0.08	-1	0.38	0.2	2.98	0.36	0.1	-0.52	15.87
0.11	0.09	-1.01	0.45	0.18	3.01	0.35	0.1	-0.53	15.87
0.11	0.09	-1.01	0.86	0.14	2.91	0.36	0.1	-0.53	15.87
0.12	0.08	-1.01	0.6	0.43	3.05	0.36	0.1	-0.53	15.87
0.11	0.09	-1.02	0.66	0.23	3.09	0.36	0.11	-0.53	15.87
0.11	0.09	-1.01	0.38	0.19	2.77	0.36	0.1	-0.53	15.87
0.12	0.1	-1.01	0.5	0.01	3.21	0.35	0.11	-0.52	15.61
0.11	0.08	-1.01	0.5	0.13	3.05	0.36	0.1	-0.53	15.61
0.1	0.09	-1.01	0.79	0.32	3.19	0.36	0.1	-0.52	15.87
0.11	0.08	-1.02	0.62	0.14	2.91	0.36	0.1	-0.53	15.87
0.11	0.08	-1.01	0.71	0.26	2.93	0.36	0.1	-0.52	15.87
0.11	0.08	-1.02	0.27	0.38	2.89	0.36	0.1	-0.52	15.87
0.11	0.09	-1.01	0.55	0.23	2.84	0.36	0.11	-0.52	15.87
0.12	0.09	-1.01	0.67	0.18	3.03	0.36	0.1	-0.52	15.87
0.11	0.09	-1	0.48	0.08	3.08	0.36	0.1	-0.52	15.87
0.11	0.08	-1.02	0.67	0.23	2.93	0.36	0.1	-0.52	15.87
0.11	0.09	-1.01	0.52	0.03	2.88	0.35	0.1	-0.52	15.87
0.11	0.09	-1.01	0.38	0.15	3.06	0.36	0.11	-0.53	15.87
0.11	0.09	-1.01	0.47	-0.04	2.91	0.36	0.1	-0.53	15.87
0.11	0.09	-1	0.62	0.25	3.33	0.36	0.1	-0.52	15.87
0.11	0.08	-1.01	0.4	0.03	2.95	0.36	0.1	-0.53	16.13
0.11	0.09	-1.01	0.71	0.18	2.87	0.36	0.11	-0.52	16.13
0.11	0.08	-1.01	0.75	0.27	2.7	0.37	0.1	-0.53	15.87
0.11	0.09	-1.01	0.59	0.11	3.05	0.36	0.11	-0.53	16.13
0.11	0.08	-1.01	0.35	0.11	2.83	0.36	0.1	-0.53	15.87
0.11	0.08	-1.01	0.66	0.27	3.09	0.36	0.1	-0.53	16.13
0.11	0.09	-1.01	0.52	0.06	2.87	0.37	0.1	-0.54	15.87
0.11	0.09	-1.01	0.33	0.17	2.99	0.36	0.1	-0.53	15.87
0.11	0.09	-1.01	0.45	0.3	2.96	0.37	0.11	-0.53	16.13
0.11	0.09	-1.01	0.27	0.3	2.99	0.36	0.11	-0.52	16.13
0.11	0.09	-1.01	0.48	0.07	2.85	0.36	0.1	-0.52	16.13
0.12	0.09	-1.01	0.41	0.16	3.15	0.36	0.11	-0.52	16.13
0.11	0.09	-1.02	0.44	0.28	2.91	0.36	0.1	-0.52	16.13
0.12	0.08	-1.01	0.81	0.28	3.07	0.36	0.1	-0.53	16.13
0.12	0.09	-1.01	0.32	0.31	3.06	0.36	0.1	-0.52	16.39
0.11	0.09	-1.01	0.5	0.18	3.05	0.36	0.11	-0.53	16.13
0.11	0.09	-1.01	0.59	0.17	3.28	0.35	0.11	-0.52	16.13
0.12	0.09	-1.02	0.38	0.08	3.09	0.36	0.1	-0.52	15.87
0.11	0.09	-1.01	1.08	0.44	2.97	0.36	0.1	-0.52	16.39
0.12	0.1	-1.01	0.52	0.16	3	0.36	0.1	-0.52	16.13
0.11	0.08	-1.01	0.79	0.14	2.85	0.36	0.1	-0.52	16.13
0.11	0.08	-1.01	0.81	-0.11	3.02	0.36	0.1	-0.53	16.13
0.11	0.09	-1.01	0.67	0.05	2.84	0.36	0.1	-0.53	16.39
0.12	0.09	-1.01	0.51	0.27	2.96	0.36	0.1	-0.52	16.39
0.11	0.09	-1.01	0.62	0.17	3.2	0.36	0.1	-0.52	16.13
0.11	0.08	-1.01	0.56	0.24	3.15	0.35	0.1	-0.53	16.13
0.11	0.08	-1.01	0.39	0.38	3.11	0.36	0.1	-0.53	16.13
0.12	0.09	-1.02	0.6	-0.03	2.89	0.36	0.1	-0.53	16.39
0.11	0.09	-1.01	0.62	-0.03	2.88	0.36	0.11	-0.52	16.39
0.11	0.09	-1.02	0.51	0.38	2.97	0.36	0.1	-0.52	16.39
0.11	0.09	-1.01	0.58	0.19	3.12	0.36	0.1	-0.53	16.13
0.11	0.09	-1.01	0.6	0.09	3.04	0.36	0.1	-0.53	16.13
0.11	0.09	-1	0.68	0	3.21	0.36	0.1	-0.52	16.39
0.11	0.08	-1	0.43	0.03	2.98	0.36	0.1	-0.53	16.65
0.11	0.1	-1.01	0.52	0.18	2.92	0.36	0.1	-0.52	16.39
0.11	0.08	-1.01	0.43	0.11	3.04	0.36	0.11	-0.53	16.13
0.11	0.08	-1.01	0.36	-0.1	3.14	0.36	0.1	-0.52	16.39
0.12	0.08	-1.01	0.42	0.15	2.97	0.36	0.1	-0.53	16.65
0.11	0.09	-1.01	0.81	0.31	2.86	0.36	0.1	-0.53	16.39
0.11	0.08	-1.01	0.4	-0.01	3.19	0.36	0.1	-0.52	16.39
0.11	0.08	-1.01	0.52	0.38	2.87	0.36	0.1	-0.53	16.13
0.12	0.09	-1.01	0.68	0.37	2.98	0.36	0.1	-0.52	16.39
0.12	0.08	-1.01	0.7	0.18	2.97	0.36	0.1	-0.52	16.39
0.12	0.09	-1.01	0.55	0.01	3.11	0.36	0.1	-0.53	16.39
0.11	0.08	-1.02	0.43	-0.09	2.96	0.36	0.1	-0.52	16.39
0.11	0.08	-1.01	0.62	0.17	2.91	0.36	0.1	-0.54	16.13
0.11	0.08	-1.01	0.71	0.31	2.91	0.36	0.11	-0.53	16.39
0.12	0.08	-1.01	0.61	0.17	2.92	0.36	0.1	-0.53	16.39
0.11	0.08	-1.01	0.44	0.2	2.75	0.36	0.11	-0.53	16.39
0.11	0.08	-1.01	0.54	0.27	2.88	0.36	0.1	-0.54	16.13
0.12	0.09	-1.02	0.62	0.15	3.08	0.36	0.1	-0.53	16.39
0.11	0.09	-1	0.76	0.25	2.7	0.36	0.1	-0.53	16.65
0.12	0.08	-1.02	0.41	0.25	2.88	0.36	0.1	-0.53	16.39
0.11	0.08	-1.01	0.29	0.17	3.04	0.35	0.1	-0.53	16.13
0.11	0.08	-1.01	0.67	0.11	2.86	0.36	0.1	-0.53	16.39
0.11	0.09	-1	0.56	0.25	3.02	0.36	0.09	-0.53	16.39
0.11	0.08	-1.01	0.76	0.13	3.12	0.35	0.1	-0.53	16.39
0.11	0.09	-1.01	0.42	0.37	2.9	0.36	0.1	-0.53	16.39
0.11	0.09	-1.02	0.62	0.25	2.91	0.36	0.1	-0.52	16.39
0.11	0.09	-1.01	0.68	0.31	2.98	0.36	0.1	-0.53	16.39
0.11	0.09	-1.01	0.52	0.21	3.07	0.36	0.1	-0.53	16.39
0.11	0.09	-1	0.33	0.17	2.94	0.36	0.1	-0.53	16.13
0.11	0.09	-1.01	0.46	0.26	3.05	0.36	0.1	-0.54	16.39
0.11	0.08	-1	0.81	0.41	3.03	0.35	0.1	-0.52	16.13
0.12	0.09	-1.01	0.48	0.23	3.11	0.36	0.11	-0.53	16.13
0.11	0.09	-1.01	0.78	0.07	2.97	0.36	0.1	-0.53	16.39
0.11	0.09	-1.01	0.63	0.48	2.89	0.36	0.1	-0.52	16.13
0.12	0.08	-1.01	0.6	0.02	2.86	0.36	0.1	-0.53	16.39
0.11	0.09	-1.01	0.49	0.08	2.94	0.36	0.11	-0.53	16.39
0.11	0.09	-1.01	0.31	0.34	2.99	0.36	0.1	-0.53	16.65
0.11	0.09	-1.01	0.5	0.23	2.91	0.36	0.11	-0.53	16.65
0.11	0.09	-1.02	0.7	0.3	3.2	0.36	0.1	-0.53	16.39
0.1	0.09	-1.01	0.7	0.07	2.91	0.36	0.1	-0.54	16.39
0.11	0.09	-1.02	0.55	0.18	3.04	0.36	0.11	-0.54	16.39
0.11	0.09	-1.01	0.6	0.15	2.74	0.36	0.1	-0.53	16.65
0.12	0.08	-1.02	0.72	0.18	3.07	0.36	0.11	-0.53	16.39
0.11	0.09	-1	0.54	0.23	2.93	0.36	0.11	-0.53	16.39
0.11	0.09	-1.01	0.42	0.28	2.94	0.36	0.11	-0.53	16.39
0.11	0.08	-1	0.44	0.18	2.92	0.36	0.1	-0.52	16.39
0.11	0.09	-1.01	0.7	-0.03	2.98	0.36	0.1	-0.52	16.39
0.1	0.09	-1	0.35	0.26	2.76	0.36	0.11	-0.54	16.65
0.11	0.08	-1.01	0.46	0.06	3.07	0.36	0.1	-0.53	16.65
0.11	0.09	-1	0.58	0.07	2.91	0.36	0.11	-0.54	16.39
0.11	0.09	-1.01	0.45	-0.03	2.92	0.35	0.11	-0.53	16.39
0.12	0.09	-1.02	0.51	0.16	2.95	0.36	0.11	-0.53	16.39
0.11	0.09	-1.01	0.49	0.13	3.26	0.36	0.1	-0.52	16.39
0.12	0.1	-1.01	0.38	0.11	2.91	0.36	0.1	-0.52	16.39
0.11	0.09	-1.01	0.3	0.11	2.97	0.36	0.1	-0.52	16.39
0.11	0.08	-1.02	0.72	0.16	2.82	0.36	0.1	-0.52	16.65
0.11	0.09	-1.01	0.63	0.23	2.95	0.36	0.1	-0.53	16.39
0.11	0.09	-1.01	0.5	0.03	3.07	0.36	0.1	-0.52	16.39
0.11	0.09	-1.01	0.4	0.18	3.25	0.35	0.1	-0.53	16.39
0.11	0.09	-1.01	0.52	0.04	2.9	0.36	0.1	-0.53	16.39
0.12	0.09	-1.01	0.3	0.37	3.12	0.35	0.1	-0.52	16.39
0.11	0.08	-1.01	0.35	0.25	2.92	0.36	0.1	-0.53	16.39
0.12	0.09	-1.01	0.37	0.31	2.89	0.35	0.1	-0.53	16.65
0.11	0.09	-1	0.38	0.15	2.97	0.36	0.1	-0.53	16.39
0.11	0.09	-1.01	0.61	0.1	3.19	0.36	0.11	-0.53	16.39
0.11	0.09	-1.01	0.55	0.49	2.96	0.36	0.11	-0.52	16.65
0.11	0.09	-1.01	0.56	0.18	3.01	0.36	0.11	-0.53	16.39
0.12	0.08	-1.01	0.42	0.34	2.87	0.36	0.11	-0.53	16.65
0.12	0.1	-1	0.62	0.35	2.94	0.36	0.11	-0.53	16.65
0.11	0.08	-1.01	0.52	0.43	3.04	0.36	0.1	-0.53	16.39
0.11	0.09	-1	0.6	0.09	2.97	0.36	0.1	-0.54	16.65
0.11	0.09	-1	0.45	0.16	2.98	0.35	0.1	-0.54	16.65
0.11	0.08	-1.01	0.6	0.07	2.96	0.36	0.1	-0.54	16.65
0.11	0.09	-1.01	0.43	0.26	3.01	0.36	0.1	-0.52	16.65
0.11	0.08	-1.01	0.47	0.14	3.18	0.36	0.09	-0.53	16.65
0.12	0.09	-1.01	0.6	0.15	2.91	0.35	0.1	-0.53	16.39
0.11	0.09	-1.01	0.77	0.22	3.08	0.36	0.1	-0.53	16.39
0.11	0.09	-1.02	0.56	-0.04	3.05	0.35	0.1	-0.53	16.39
0.11	0.09	-1.01	0.56	0.08	2.98	0.35	0.1	-0.54	16.39
0.11	0.08	-1	0.52	0.28	3.03	0.35	0.11	-0.53	16.65
0.11	0.09	-1.01	0.38	0.21	2.96	0.36	0.11	-0.53	16.65
0.1	0.09	-1.01	0.52	0.27	3.01	0.36	0.11	-0.53	16.65
0.12	0.08	-1.01	0.41	0.24	3.21	0.36	0.1	-0.53	16.65
0.11	0.08	-1.01	0.52	0.29	2.95	0.36	0.1	-0.53	16.65
0.1	0.08	-1.01	0.29	0.45	2.81	0.35	0.1	-0.53	16.39
0.12	0.1	-1.01	0.52	0.17	3.1	0.36	0.1	-0.52	16.65
0.11	0.08	-1.01	0.52	0.16	2.84	0.36	0.1	-0.53	16.65
0.11	0.09	-1.01	0.82	0.03	2.83	0.36	0.1	-0.53	16.65
0.11	0.1	-1.01	0.56	0.3	3.13	0.37	0.1	-0.53	16.65
0.12	0.08	-1.01	0.43	0.21	3.07	0.36	0.1	-0.53	16.65
0.12	0.08	-1.01	0.37	0.35	3.01	0.36	0.1	-0.53	16.65
0.12	0.08	-1.02	0.61	0.26	2.91	0.36	0.11	-0.52	16.65
0.11	0.09	-1.02	0.6	0.25	2.96	0.36	0.11	-0.54	16.65
0.11	0.09	-1.01	0.51	0.25	3.09	0.36	0.1	-0.53	16.91
0.12	0.09	-1.01	0.52	0.06	3.01	0.36	0.1	-0.52	16.65
0.11	0.09	-1.02	0.72	0.17	3.14	0.36	0.11	-0.52	16.65
0.11	0.08	-1.02	0.7	0.33	2.96	0.36	0.1	-0.53	16.65
0.11	0.09	-1.01	0.55	0.17	2.89	0.36	0.1	-0.52	16.65
0.11	0.08	-1.01	0.52	0.38	3.01	0.35	0.1	-0.53	16.65
0.11	0.08	-1.01	0.27	0.14	3.19	0.36	0.11	-0.53	16.91
0.12	0.08	-1.01	0.48	0.26	2.98	0.35	0.11	-0.52	16.91
0.11	0.09	-1.01	0.67	0.13	2.96	0.36	0.1	-0.53	16.65
0.11	0.09	-1.01	0.5	0.01	2.9	0.35	0.1	-0.52	16.65
0.11	0.09	-1.01	0.27	0.19	2.98	0.35	0.1	-0.53	16.91
0.12	0.09	-1.01	0.73	0.31	3.05	0.35	0.11	-0.53	16.91
0.12	0.09	-1.01	0.54	0.18	3.03	0.36	0.1	-0.53	16.65
0.11	0.09	-1	0.52	0.17	2.98	0.35	0.11	-0.53	16.65
0.12	0.08	-1.01	0.75	0.27	2.98	0.35	0.1	-0.53	16.65
0.1	0.08	-1.01	0.54	-0.01	3.05	0.36	0.1	-0.53	16.91
0.11	0.09	-1.01	0.57	0.34	2.95	0.36	0.1	-0.52	16.91
0.11	0.08	-1.01	0.86	0.12	3.13	0.36	0.1	-0.52	16.65
0.11	0.09	-1.01	0.47	0.47	3.02	0.36	0.11	-0.53	16.65
0.11	0.08	-1.01	0.52	0.29	2.83	0.36	0.1	-0.52	16.91
0.12	0.08	-1.01	0.46	0.2	2.87	0.36	0.1	-0.52	16.91
0.1	0.09	-1.01	0.49	0.28	2.71	0.36	0.1	-0.53	16.91
0.11	0.07	-1.01	0.32	0.11	3.12	0.36	0.1	-0.52	16.91
0.12	0.09	-1	0.47	0.14	2.86	0.36	0.1	-0.52	16.65
0.12	0.09	-1.01	0.64	0.23	2.84	0.36	0.1	-0.53	17.17
0.12	0.09	-1.02	0.48	0.16	2.88	0.36	0.1	-0.52	16.91
0.11	0.08	-1.01	0.32	0.22	3.01	0.36	0.1	-0.52	16.65
0.12	0.08	-1.01	0.27	0.13	3.11	0.36	0.1	-0.52	16.91
0.12	0.09	-1.01	0.28	0.23	2.89	0.36	0.11	-0.52	17.17
0.11	0.09	-1.01	0.25	0.09	2.9	0.36	0.1	-0.52	17.17
0.12	0.09	-1.01	0.26	0.04	2.98	0.36	0.1	-0.52	16.91
0.11	0.08	-1.01	0.57	0.48	3.01	0.36	0.1	-0.52	16.91
0.11	0.09	-1.01	0.89	-0.03	3.1	0.36	0.1	-0.52	16.91
0.11	0.09	-1.01	0.63	0.31	2.84	0.36	0.1	-0.52	16.91
0.11	0.08	-1.01	0.44	0.18	2.78	0.36	0.1	-0.53	16.91
0.12	0.08	-1.01	0.46	0.06	2.78	0.36	0.11	-0.53	17.17
0.11	0.08	-1.01	0.72	0.24	3.02	0.36	0.1	-0.52	16.91
0.12	0.08	-1.01	0.43	0.37	2.72	0.36	0.11	-0.52	17.17
0.12	0.09	-1.01	0.52	0.19	2.91	0.36	0.11	-0.52	16.91
0.1	0.08	-1.01	0.57	0.33	2.95	0.36	0.11	-0.52	17.17
0.11	0.08	-1.01	0.58	0.11	3.04	0.36	0.11	-0.52	16.91
0.12	0.09	-1	0.62	0.23	3.12	0.36	0.1	-0.52	17.17
0.11	0.09	-1.01	0.54	0.25	2.98	0.36	0.1	-0.52	17.17
0.12	0.09	-1.02	0.53	0.36	3.18	0.36	0.1	-0.52	16.91
0.11	0.08	-1.01	0.53	0.34	3.07	0.36	0.1	-0.53	17.17
0.11	0.08	-1.01	0.31	0.16	3.1	0.36	0.11	-0.53	17.43
0.11	0.07	-1.01	0.49	0.24	2.99	0.36	0.1	-0.53	17.17
0.1	0.09	-1.01	0.64	0.14	2.95	0.36	0.11	-0.53	16.91
0.11	0.09	-1.02	0.67	0.1	2.71	0.36	0.1	-0.53	17.17
0.11	0.09	-1.01	0.65	0.18	2.96	0.36	0.11	-0.52	17.43
0.11	0.08	-1.01	0.11	0.36	3.1	0.36	0.1	-0.52	16.91
0.12	0.09	-1	0.49	0.38	2.84	0.36	0.1	-0.53	16.91
0.11	0.1	-1.01	0.52	0.15	2.87	0.36	0.1	-0.52	17.17
0.11	0.09	-1.01	0.34	0.28	2.83	0.36	0.11	-0.52	17.17
0.11	0.09	-1.01	0.52	0.12	3.03	0.36	0.11	-0.52	17.17
0.12	0.09	-1.01	0.71	0.51	3.23	0.36	0.1	-0.53	16.91
0.11	0.09	-1.01	0.55	0.41	2.93	0.36	0.11	-0.53	17.17
0.12	0.09	-1.01	0.44	0.24	2.79	0.36	0.11	-0.53	16.91
0.11	0.09	-1.01	0.52	0.33	2.95	0.36	0.11	-0.52	16.91
0.11	0.08	-1.01	0.23	0.17	2.82	0.36	0.11	-0.53	17.17
0.12	0.09	-1.01	0.35	0.38	2.9	0.39	0.11	-0.53	16.91
0.11	0.09	-1.02	0.69	0.16	3.08	0.36	0.1	-0.53	17.17
0.11	0.09	-1	0.6	0.18	2.86	0.36	0.1	-0.53	16.91
0.11	0.09	-1.01	0.62	-0.05	2.88	0.35	0.11	-0.52	16.91
0.11	0.08	-1.01	0.53	0.11	2.95	0.36	0.11	-0.52	17.17
0.11	0.09	-1.01	0.19	0.32	2.87	0.36	0.1	-0.53	16.91
0.12	0.08	-1.01	0.51	0.16	2.76	0.36	0.11	-0.52	16.91
0.11	0.08	-1.01	0.7	0.16	2.98	0.36	0.1	-0.53	16.91
0.11	0.09	-1.01	0.57	0.36	2.97	0.36	0.11	-0.53	16.65
0.11	0.09	-1.02	0.52	0.29	3.02	0.36	0.11	-0.52	17.17
0.1	0.08	-1.02	0.42	0.11	2.9	0.36	0.11	-0.53	16.91
0.1	0.09	-1.01	0.64	0.2	2.97	0.36	0.11	-0.53	17.17
0.11	0.08	-1	0.59	0.52	2.87	0.35	0.11	-0.52	16.65
0.11	0.09	-1.01	0.34	0.42	3.09	0.36	0.11	-0.53	17.17
0.11	0.08	-1.01	0.44	0.42	2.88	0.36	0.11	-0.53	17.17
0.11	0.09	-1	0.31	0.18	3.2	0.36	0.11	-0.52	17.17
0.11	0.09	-1.01	0.51	0.08	2.86	0.36	0.11	-0.52	17.17
0.11	0.09	-1.01	0.57	0.1	2.96	0.36	0.1	-0.52	16.91
0.11	0.09	-1.01	0.71	0.26	2.85	0.36	0.11	-0.52	16.91
0.11	0.09	-1.01	0.53	0.26	2.96	0.35	0.11	-0.53	16.91
0.11	0.08	-1.01	0.41	0.38	2.98	0.36	0.11	-0.52	17.17
0.11	0.09	-1.01	0.34	0.11	3	0.36	0.11	-0.52	16.91
0.12	0.09	-1.01	0.16	0.19	3.12	0.36	0.1	-0.52	17.17
0.11	0.09	-1.01	0.7	0.2	2.68	0.36	0.11	-0.52	16.91
0.11	0.08	-1.01	0.79	0.23	2.99	0.35	0.1	-0.52	16.91
0.11	0.08	-1.01	0.68	0.05	2.87	0.36	0.11	-0.52	17.17
0.11	0.09	-1.01	0.35	0.17	2.89	0.36	0.1	-0.51	16.91
0.11	0.08	-1.01	0.31	0.07	2.84	0.36	0.11	-0.52	17.17
0.11	0.08	-1.01	0.57	0.37	3.1	0.36	0.1	-0.51	16.91
0.11	0.08	-1.01	0.8	0.26	2.89	0.36	0.1	-0.52	16.91
0.11	0.09	-1.02	0.66	0.17	2.96	0.36	0.11	-0.52	17.43
0.11	0.1	-1.01	0.57	0.29	2.98	0.36	0.11	-0.52	17.17
0.11	0.08	-1	0.48	0.31	3.04	0.36	0.11	-0.52	16.91
0.11	0.08	-1.01	0.65	0.2	2.99	0.36	0.1	-0.51	17.17
0.12	0.08	-1.01	0.67	0.07	2.82	0.36	0.11	-0.51	17.17
0.11	0.08	-1.02	0.72	0.2	2.98	0.36	0.11	-0.52	16.91
0.11	0.09	-1.01	0.42	0.11	2.81	0.36	0.11	-0.51	17.17
0.12	0.08	-1.01	0.43	0.31	2.98	0.36	0.11	-0.52	17.17
0.11	0.09	-1.01	0.42	0.34	2.84	0.36	0.1	-0.52	16.91
0.12	0.08	-1.01	0.63	0.38	2.95	0.36	0.11	-0.52	17.17
0.12	0.08	-1.01	0.67	0.14	3.01	0.36	0.1	-0.52	17.17
0.11	0.09	-1.01	0.66	0.16	2.8	0.36	0.11	-0.53	17.17
0.12	0.09	-1.01	0.37	0.15	2.92	0.36	0.11	-0.53	17.17
0.1	0.09	-1.01	0.54	0.32	3.2	0.36	0.11	-0.53	17.17
0.11	0.08	-1.01	0.44	0.21	2.77	0.36	0.11	-0.52	17.17
0.11	0.08	-1.01	0.66	0.24	2.81	0.36	0.11	-0.53	17.43
0.12	0.09	-1.01	0.51	0.27	2.77	0.36	0.11	-0.53	17.17
0.11	0.09	-1.01	0.38	0.31	2.88	0.36	0.11	-0.53	17.17
0.12	0.08	-1.02	0.65	0.25	2.97	0.36	0.11	-0.53	17.17
0.11	0.08	-1.01	0.72	0.41	2.91	0.36	0.11	-0.53	16.91
0.11	0.08	-1.01	0.62	0.11	2.86	0.36	0.1	-0.53	17.17
0.11	0.08	-1.01	0.44	0.14	2.8	0.36	0.11	-0.52	17.17
0.11	0.09	-1.02	0.36	0.02	2.91	0.36	0.11	-0.51	17.43
0.12	0.08	-1.01	0.52	0.3	3.03	0.36	0.11	-0.52	17.17
0.1	0.08	-1.01	0.4	0.15	2.87	0.36	0.11	-0.53	17.17
0.11	0.08	-1.01	0.58	0.1	2.95	0.36	0.11	-0.52	17.17
0.11	0.09	-1.01	0.54	0.09	3.11	0.36	0.1	-0.52	17.17
0.11	0.09	-1	0.59	0.41	2.74	0.36	0.11	-0.52	17.17
0.11	0.08	-1.01	0.46	0.32	2.85	0.36	0.1	-0.53	17.17
0.11	0.09	-1	0.59	0.08	3.06	0.36	0.1	-0.52	17.17
0.11	0.08	-1.01	0.52	0.24	3	0.35	0.1	-0.51	17.43
0.11	0.08	-1.01	0.46	0.31	2.93	0.36	0.11	-0.52	17.17
0.11	0.08	-1.01	0.55	0.08	2.97	0.36	0.11	-0.53	17.43
0.11	0.08	-1	0.63	0.24	2.91	0.37	0.11	-0.53	17.17
0.11	0.08	-1.01	0.63	0.2	2.96	0.36	0.11	-0.53	17.17
0.11	0.09	-1.01	0.56	0.2	3.05	0.36	0.11	-0.53	17.17
0.11	0.09	-1	0.46	0.38	2.97	0.36	0.11	-0.52	17.17
0.12	0.1	-1.01	0.74	0.16	3.01	0.36	0.11	-0.53	17.17
0.11	0.09	-1.01	0.38	0.18	2.91	0.35	0.11	-0.52	17.43
0.11	0.08	-1.01	0.3	0.27	2.98	0.36	0.1	-0.53	17.17
0.1	0.08	-1.02	0.42	0.16	2.88	0.36	0.11	-0.53	17.17
0.11	0.08	-1.01	0.42	0.37	3.2	0.36	0.11	-0.53	17.17
0.11	0.08	-1.01	0.67	-0.02	2.84	0.36	0.11	-0.53	17.17
0.11	0.08	-1	0.58	0.09	2.79	0.36	0.11	-0.54	17.17
0.11	0.09	-1.01	0.49	0.47	2.78	0.36	0.11	-0.54	17.43
0.11	0.09	-1.01	0.5	0.21	2.92	0.36	0.11	-0.53	17.17
0.11	0.08	-1	0.61	0.27	2.81	0.36	0.1	-0.54	17.17
0.12	0.09	-1.02	0.58	0.05	2.9	0.36	0.11	-0.53	17.17
0.12	0.09	-1.01	0.69	0.06	3.08	0.36	0.1	-0.53	17.17
0.12	0.09	-1.02	0.71	-0.01	2.98	0.36	0.11	-0.53	17.17
0.11	0.08	-1.01	0.56	0.16	2.94	0.36	0.1	-0.54	17.17
0.11	0.09	-1.01	0.64	0.03	2.92	0.36	0.11	-0.53	17.43
0.11	0.09	-1.01	0.61	0.14	2.96	0.36	0.11	-0.53	17.17
0.11	0.09	-1.01	0.41	0.27	2.94	0.36	0.11	-0.53	17.17
0.12	0.08	-1.01	0.54	0.16	2.81	0.36	0.1	-0.53	17.17
0.11	0.09	-1	0.55	0.3	2.87	0.36	0.11	-0.52	17.43
0.11	0.08	-1.01	0.25	0.56	2.89	0.36	0.11	-0.53	17.43
0.11	0.08	-1	0.46	0.38	2.83	0.36	0.11	-0.52	17.43
0.11	0.08	-1.01	0.22	0.17	3.02	0.36	0.11	-0.53	17.43
0.12	0.09	-1.01	0.56	0.07	2.85	0.36	0.1	-0.52	17.17
0.12	0.08	-1.01	0.38	0.09	2.93	0.36	0.1	-0.52	17.17
0.11	0.08	-1.01	0.52	0.25	2.67	0.36	0.1	-0.51	17.17
0.11	0.08	-1.01	0.43	0.24	3.06	0.36	0.1	-0.52	17.17
0.12	0.08	-1.01	0.57	0.31	2.87	0.36	0.1	-0.52	16.91
0.11	0.08	-1.01	0.53	0.25	3.12	0.36	0.11	-0.52	16.91
0.11	0.08	-1.02	0.41	0.18	3.08	0.36	0.1	-0.52	17.17
0.11	0.1	-1.01	0.46	0.27	2.98	0.36	0.1	-0.51	16.91
0.12	0.09	-1.01	0.77	0.03	2.97	0.36	0.1	-0.52	16.91
0.11	0.09	-1.01	0.51	0.1	2.92	0.36	0.1	-0.52	17.17
0.11	0.08	-1.01	0.38	0.34	2.94	0.36	0.11	-0.52	16.91
0.11	0.08	-1	0.28	0.31	3.14	0.36	0.1	-0.52	17.17
0.12	0.09	-1.01	0.59	0.07	3.2	0.36	0.11	-0.53	17.17
0.12	0.09	-1.01	0.33	0.24	3.01	0.36	0.11	-0.52	17.17
0.11	0.09	-1.01	0.45	0.14	2.95	0.36	0.1	-0.52	17.17
0.11	0.09	-1.02	0.63	0.11	2.99	0.36	0.11	-0.53	16.91
0.11	0.09	-1.01	0.72	0.31	2.94	0.36	0.1	-0.52	17.17
0.12	0.08	-1.01	0.6	0.21	2.99	0.36	0.1	-0.51	17.17
0.11	0.08	-1.01	0.52	0.2	2.98	0.35	0.1	-0.52	17.17
0.11	0.09	-1.01	0.64	0.3	2.93	0.36	0.1	-0.51	17.43
0.1	0.08	-1.02	0.51	0.09	2.97	0.36	0.1	-0.51	17.17
0.12	0.08	-1.02	0.41	0.03	2.81	0.36	0.1	-0.52	17.17
0.11	0.09	-1.01	0.5	0.33	3.03	0.36	0.11	-0.52	17.17
0.11	0.08	-1.01	0.42	0.17	2.9	0.36	0.1	-0.52	16.91
0.11	0.09	-1.01	0.49	0.24	2.89	0.36	0.1	-0.52	16.91
0.12	0.09	-1.01	0.31	0.19	3.01	0.36	0.1	-0.53	16.91
0.12	0.08	-1.01	0.47	0.11	2.62	0.36	0.11	-0.53	16.65
0.11	0.08	-1.01	0.48	0.36	2.94	0.36	0.1	-0.52	16.91
0.11	0.08	-1.01	0.35	0.17	3.05	0.36	0.11	-0.52	16.91
0.11	0.09	-1.01	0.39	0.09	2.72	0.36	0.11	-0.52	16.91
0.11	0.09	-1.01	0.33	0.11	2.81	0.35	0.1	-0.53	17.17
0.11	0.09	-1.01	0.42	0.07	2.84	0.36	0.11	-0.52	16.91
0.12	0.09	-1.02	0.41	0.24	3.07	0.36	0.1	-0.53	17.17
0.12	0.09	-1.01	0.36	0.38	2.89	0.36	0.1	-0.53	16.91
0.11	0.09	-1.02	0.58	0.18	3	0.36	0.1	-0.52	16.91
0.12	0.09	-1.01	0.47	0.12	2.98	0.36	0.1	-0.53	16.91
0.11	0.09	-1.01	0.26	0.04	2.97	0.35	0.11	-0.53	16.91
0.12	0.09	-1.02	0.58	0.38	3.12	0.36	0.1	-0.53	16.91
0.11	0.09	-1.01	0.6	0.3	3.08	0.36	0.1	-0.53	16.91
0.11	0.08	-1.01	0.56	0.38	2.84	0.36	0.1	-0.53	16.91
0.12	0.08	-1.01	0.65	0.15	2.99	0.36	0.11	-0.53	16.91
0.11	0.09	-1.02	0.48	0.22	3.22	0.36	0.1	-0.53	16.91
0.11	0.08	-1.01	0.51	-0.09	3.07	0.36	0.11	-0.53	16.91
0.11	0.08	-1.01	0.55	0.13	2.72	0.36	0.1	-0.53	16.91
0.11	0.08	-1.01	0.5	0.28	2.98	0.35	0.1	-0.53	16.91
0.11	0.09	-1.01	0.44	0.02	3.01	0.36	0.1	-0.52	16.91
0.11	0.08	-1	0.49	0.12	3.04	0.36	0.1	-0.52	16.91
0.12	0.08	-1.01	0.77	-0.03	2.71	0.35	0.1	-0.53	16.91
0.11	0.09	-1	0.56	0.28	2.97	0.35	0.1	-0.52	16.91
0.11	0.09	-1	0.81	0.29	3.07	0.36	0.1	-0.52	16.91
0.11	0.08	-1.01	0.59	0.15	2.98	0.36	0.1	-0.52	16.91
0.12	0.09	-1.01	0.29	0.05	2.91	0.36	0.1	-0.52	16.65
0.11	0.08	-1.02	0.6	0.29	2.8	0.36	0.1	-0.53	16.91
0.11	0.09	-1	0.42	0.03	3.02	0.36	0.1	-0.52	16.91
0.12	0.08	-1.02	0.69	0.36	3	0.36	0.1	-0.52	16.91
0.11	0.09	-1.01	0.6	0.15	2.98	0.36	0.1	-0.53	16.91
0.11	0.08	-1.01	0.72	0.19	2.96	0.35	0.1	-0.53	16.91
0.12	0.09	-1	0.25	0.27	2.95	0.36	0.11	-0.53	16.91
0.11	0.08	-1.01	0.57	0.34	2.99	0.36	0.1	-0.53	17.17
0.12	0.09	-1.02	0.7	0.27	2.91	0.36	0.1	-0.52	16.65
0.11	0.08	-1.01	0.53	0.21	2.91	0.36	0.1	-0.53	16.91
0.11	0.08	-1.01	0.7	0.28	3.03	0.36	0.1	-0.52	16.91
0.11	0.08	-1.01	0.45	0.38	3.07	0.36	0.1	-0.53	16.91
0.11	0.09	-1.01	0.31	0.21	2.81	0.36	0.11	-0.53	17.17
0.11	0.08	-1.01	0.76	-0.02	3.04	0.36	0.1	-0.53	17.17
0.12	0.09	-1.01	0.65	0.11	2.82	0.36	0.11	-0.52	16.91
0.11	0.08	-1.01	0.45	0.29	2.89	0.36	0.11	-0.52	17.17
0.11	0.09	-1.01	0.44	0.19	2.92	0.36	0.11	-0.53	16.91
0.11	0.09	-1	0.48	0.21	2.98	0.36	0.1	-0.53	17.17
0.11	0.08	-1.01	0.56	0.15	2.98	0.36	0.11	-0.52	17.17
0.11	0.09	-1.02	0.65	0.39	2.88	0.36	0.1	-0.52	16.91
0.11	0.08	-1.01	0.7	0.15	3.01	0.36	0.1	-0.53	16.91
0.12	0.08	-1	0.74	0.16	3.02	0.36	0.1	-0.52	16.91
0.11	0.09	-1.01	0.3	0.28	2.94	0.36	0.11	-0.53	17.17
0.12	0.08	-1.01	0.56	0.2	2.93	0.36	0.1	-0.53	17.17
0.11	0.09	-1.01	0.77	0.19	3.02	0.36	0.1	-0.53	17.17
0.11	0.08	-1.01	0.34	0.16	2.85	0.36	0.1	-0.52	16.91
0.11	0.09	-1.01	0.49	0.08	3.03	0.36	0.1	-0.53	17.17
0.11	0.09	-1.01	0.28	0.1	2.7	0.36	0.11	-0.53	17.17
0.12	0.09	-1.01	0.71	0.35	2.89	0.36	0.1	-0.53	16.91
0.1	0.08	-1	0.6	0	3.12	0.36	0.1	-0.53	17.17
0.11	0.08	-1.01	0.39	0.35	2.85	0.36	0.1	-0.53	17.17
0.12	0.08	-1.01	0.46	0.24	2.87	0.36	0.1	-0.51	17.17
0.12	0.08	-1	0.6	0.32	2.86	0.36	0.1	-0.53	17.43
0.11	0.09	-1	0.63	0.09	2.91	0.36	0.1	-0.53	17.43
0.12	0.08	-1	0.57	0.16	3.03	0.36	0.1	-0.52	17.43
0.11	0.08	-1	0.62	0.23	3.01	0.36	0.1	-0.52	17.17
0.11	0.09	-1.01	0.38	0.22	2.98	0.36	0.11	-0.52	17.43
0.11	0.09	-1	0.2	0.06	3.1	0.36	0.1	-0.52	17.43
0.11	0.09	-1.01	0.6	0.08	3.05	0.36	0.11	-0.52	17.17
0.11	0.08	-1.01	0.45	0.1	3.02	0.36	0.1	-0.53	17.43
0.11	0.08	-1.01	0.42	0.34	3.14	0.36	0.1	-0.53	17.17
0.12	0.09	-1	0.45	0.24	2.95	0.36	0.1	-0.53	17.17
0.11	0.09	-1.01	0.62	0.3	2.92	0.36	0.1	-0.53	17.43
0.11	0.09	-1.01	0.73	0.34	2.79	0.36	0.11	-0.53	17.17
0.11	0.09	-1.01	0.52	0.33	2.89	0.36	0.11	-0.52	17.43
0.11	0.09	-1.01	0.38	0.18	2.98	0.36	0.1	-0.52	17.17
0.11	0.09	-1.01	0.63	0.17	2.81	0.36	0.11	-0.53	17.43
0.11	0.09	-1	0.53	0.31	2.79	0.36	0.1	-0.53	17.17
0.12	0.09	-1.01	0.89	0.27	3.03	0.36	0.1	-0.53	17.17
0.11	0.09	-1.01	0.48	0.16	2.9	0.36	0.1	-0.53	17.43
0.12	0.09	-1.01	0.31	0.17	2.87	0.36	0.11	-0.53	17.43
0.11	0.09	-1.01	0.43	0.47	3.15	0.36	0.1	-0.53	17.43
0.12	0.08	-1.01	0.52	0.19	2.98	0.36	0.11	-0.53	17.7
0.11	0.08	-1.02	0.53	0.27	2.83	0.36	0.1	-0.53	17.17
0.11	0.09	-1	0.63	0.01	2.86	0.36	0.1	-0.53	17.43
0.11	0.08	-1.01	0.63	0.13	2.77	0.36	0.1	-0.53	17.43
0.11	0.09	-1.01	0.74	0.02	2.72	0.35	0.1	-0.53	17.43
0.12	0.08	-1.01	0.56	0.18	2.94	0.35	0.1	-0.53	17.43
0.12	0.08	-1.01	0.66	0.23	2.96	0.35	0.1	-0.52	17.43
0.11	0.08	-1	0.54	-0.03	2.87	0.36	0.1	-0.53	17.43
0.12	0.08	-1.01	0.41	0.45	2.84	0.36	0.1	-0.53	17.43
0.11	0.08	-1.01	0.65	0.24	2.72	0.36	0.11	-0.53	17.43
0.12	0.09	-1.01	0.74	0.29	2.69	0.35	0.1	-0.52	17.17
0.11	0.09	-1.02	0.76	0.12	2.88	0.36	0.1	-0.53	17.7
0.11	0.09	-1.01	0.29	0.21	2.88	0.36	0.11	-0.52	17.43
0.11	0.09	-1.01	0.6	0.19	2.84	0.35	0.11	-0.52	17.43
0.12	0.09	-1	0.64	0.09	3	0.36	0.1	-0.52	17.43
0.11	0.09	-1	0.53	0.07	2.91	0.36	0.11	-0.53	17.43
0.12	0.09	-1.01	0.48	0.2	2.84	0.35	0.1	-0.52	17.7
0.12	0.09	-1.01	0.5	0.42	2.94	0.35	0.1	-0.52	17.43
0.11	0.1	-1.01	0.38	0.33	3.01	0.36	0.11	-0.53	17.7
0.11	0.08	-1	0.74	0.26	2.91	0.36	0.1	-0.52	17.7
0.11	0.09	-1.01	0.45	0.19	2.8	0.36	0.11	-0.53	17.7
0.12	0.09	-1.01	0.58	0.22	2.95	0.36	0.11	-0.53	17.7
0.11	0.08	-1.01	0.5	0.12	2.85	0.36	0.1	-0.53	17.7
0.12	0.09	-1.01	0.52	0.18	2.93	0.36	0.1	-0.53	17.7
0.11	0.09	-1.01	0.47	0.09	2.77	0.36	0.1	-0.53	17.43
0.11	0.08	-1.01	0.24	0.23	2.86	0.36	0.1	-0.52	17.7
0.11	0.08	-1.01	0.31	0.36	2.92	0.36	0.11	-0.53	17.43
0.12	0.08	-1	0.65	0.21	2.96	0.36	0.1	-0.52	17.43
0.11	0.09	-1.01	0.53	-0.04	2.9	0.36	0.12	-0.53	17.43
0.12	0.08	-1	0.45	0.07	2.89	0.36	0.1	-0.53	17.7
0.11	0.08	-1	0.4	0.25	2.89	0.36	0.1	-0.52	17.7
0.11	0.08	-1.01	0.74	0.31	2.88	0.35	0.11	-0.52	17.7
0.11	0.09	-1.01	0.64	0.11	2.84	0.36	0.1	-0.53	17.7
0.12	0.09	-1.01	0.62	0.07	2.96	0.36	0.11	-0.52	17.96
0.12	0.09	-1.01	0.53	0.07	2.79	0.35	0.1	-0.53	17.96
0.11	0.08	-1.01	0.36	0.29	2.75	0.36	0.1	-0.53	17.7
0.11	0.09	-1	0.58	0.19	2.71	0.36	0.1	-0.52	17.96
0.11	0.09	-1.01	0.52	0.25	3.03	0.36	0.1	-0.52	17.96
0.11	0.09	-1.01	0.76	0.19	2.77	0.36	0.1	-0.52	17.96
0.11	0.08	-1.02	0.61	0.25	2.84	0.36	0.1	-0.53	17.96
0.12	0.08	-1.01	0.68	0.1	2.87	0.35	0.1	-0.53	17.7
0.12	0.08	-1.01	0.62	0.17	2.91	0.36	0.11	-0.53	17.96
0.11	0.08	-1	0.53	0.37	2.96	0.35	0.1	-0.53	17.96
0.11	0.09	-1.01	0.45	0.25	2.63	0.35	0.11	-0.53	17.96
0.12	0.09	-1.01	0.45	0.37	2.84	0.35	0.1	-0.52	18.22
0.11	0.09	-1.02	0.47	0.35	2.56	0.36	0.11	-0.54	18.22
0.11	0.08	-1.01	0.55	0.24	2.9	0.36	0.1	-0.52	17.96
0.11	0.08	-1.01	0.56	0.07	2.77	0.35	0.1	-0.52	17.96
0.11	0.09	-1.01	0.78	0.57	2.83	0.35	0.1	-0.53	17.96
0.11	0.08	-1.01	0.55	0	2.75	0.36	0.11	-0.53	17.96
0.11	0.09	-1	0.62	0.12	3.02	0.36	0.1	-0.53	17.7
0.12	0.08	-1.02	0.6	0.18	2.98	0.36	0.1	-0.53	17.96
0.11	0.09	-1.01	0.7	0.17	3.01	0.36	0.1	-0.52	17.96
0.11	0.09	-1.01	0.59	0.2	2.9	0.36	0.11	-0.53	18.22
0.11	0.09	-1.01	0.67	0.11	2.84	0.36	0.11	-0.52	18.22
0.12	0.08	-1.01	0.5	0.17	3	0.36	0.1	-0.53	18.22
0.12	0.09	-1.01	0.47	0.34	3.06	0.36	0.1	-0.53	17.96
0.12	0.08	-1.02	0.56	0.14	2.74	0.36	0.1	-0.53	18.22
0.12	0.09	-1	0.67	0.3	2.98	0.36	0.1	-0.52	17.96
0.12	0.08	-0.99	0.4	0.21	2.88	0.36	0.1	-0.52	17.96
0.11	0.08	-1.01	0.7	0.4	2.97	0.36	0.1	-0.52	17.96
0.11	0.08	-1.01	0.65	0.36	2.79	0.36	0.11	-0.53	17.96
0.12	0.08	-1.01	0.46	0.37	2.84	0.36	0.1	-0.52	18.22
0.11	0.09	-1.01	0.48	0.25	2.84	0.36	0.1	-0.53	17.96
0.11	0.09	-1.01	0.4	0.48	2.81	0.36	0.1	-0.53	17.96
0.12	0.09	-1.01	0.5	0.12	2.81	0.36	0.1	-0.53	17.96
0.11	0.09	-1.03	0.35	0.24	2.91	0.36	0.1	-0.53	17.96
0.12	0.08	-1.01	0.21	0	2.81	0.36	0.1	-0.53	17.7
0.12	0.08	-1	0.52	0.14	2.88	0.36	0.1	-0.53	17.96
0.12	0.1	-1.01	0.75	0.18	2.73	0.36	0.1	-0.53	17.7
0.11	0.09	-1.01	0.67	0.25	2.87	0.36	0.1	-0.52	17.7
0.12	0.09	-1	0.56	0.34	2.83	0.36	0.1	-0.52	17.7
0.12	0.09	-1.01	0.43	0.27	2.94	0.36	0.1	-0.52	17.7
0.11	0.09	-1.01	0.38	0.41	2.92	0.36	0.1	-0.52	17.96
0.11	0.09	-1.01	0.44	0.24	3.05	0.35	0.09	-0.52	17.96
0.1	0.09	-1.01	0.66	0.45	2.8	0.36	0.1	-0.52	17.96
0.12	0.09	-1.01	0.57	0.31	2.98	0.36	0.1	-0.53	17.96
0.1	0.09	-1.01	0.57	0.05	2.8	0.36	0.11	-0.52	17.96
0.11	0.08	-1.01	0.4	0.29	2.79	0.36	0.1	-0.51	17.7
0.12	0.08	-1.01	0.84	0.27	2.85	0.36	0.1	-0.52	17.96
0.11	0.08	-1.01	0.52	0.08	2.65	0.35	0.11	-0.52	17.96
0.11	0.08	-1.01	0.25	0.25	2.84	0.35	0.1	-0.52	17.7
0.12	0.08	-1.01	0.33	0.11	3.08	0.35	0.1	-0.52	17.96
0.11	0.08	-1.01	0.43	0.08	2.93	0.36	0.1	-0.52	17.96
0.12	0.09	-1.01	0.58	0.26	2.83	0.36	0.1	-0.52	17.96
0.11	0.08	-1.01	0.54	0.07	2.98	0.36	0.11	-0.53	17.96
0.11	0.08	-1.02	0.4	0.39	2.86	0.35	0.1	-0.53	17.96
0.12	0.08	-1.01	0.48	0.39	2.67	0.36	0.1	-0.52	18.22
0.11	0.09	-1.01	0.62	0.42	2.98	0.36	0.11	-0.52	17.96
0.12	0.08	-1.01	0.43	0.31	3.01	0.35	0.11	-0.51	17.96
0.12	0.09	-1.01	0.31	0.22	2.77	0.35	0.11	-0.53	17.96
0.11	0.08	-1.01	0.44	0.15	2.94	0.36	0.1	-0.52	17.96
0.11	0.08	-1.01	0.84	0.3	2.96	0.36	0.1	-0.53	17.96
0.12	0.09	-1.01	0.52	0.09	2.79	0.36	0.1	-0.52	17.96
0.12	0.09	-1.01	0.69	0.38	2.87	0.36	0.11	-0.53	17.96
0.11	0.09	-1.01	0.71	0.18	2.91	0.35	0.1	-0.52	17.96
0.12	0.09	-1.02	0.37	0.22	2.88	0.36	0.1	-0.52	18.22
0.11	0.09	-1.01	0.71	0.3	2.81	0.36	0.1	-0.53	17.96
0.11	0.09	-1.01	0.52	0.59	3.02	0.36	0.11	-0.52	17.96
0.11	0.09	-1.01	0.48	0.3	2.92	0.36	0.1	-0.53	18.22
0.11	0.09	-1.02	0.45	0.33	3.06	0.36	0.1	-0.52	17.96
0.11	0.08	-1.01	0.52	0.14	2.86	0.36	0.11	-0.52	17.96
0.12	0.09	-1.02	0.35	0.23	2.86	0.36	0.11	-0.52	17.96
0.11	0.09	-1.02	0.74	0.36	2.98	0.36	0.11	-0.52	17.96
0.12	0.08	-1.01	0.74	0.16	3.02	0.35	0.11	-0.52	18.22
0.11	0.08	-1.01	0.45	0.2	2.84	0.35	0.1	-0.53	17.96
0.11	0.09	-1.02	0.57	0.23	2.92	0.36	0.1	-0.53	17.96
0.12	0.08	-1.01	0.48	0.09	2.84	0.36	0.1	-0.52	17.96
0.12	0.1	-1.01	0.56	0.3	3.16	0.36	0.11	-0.52	18.22
0.12	0.09	-1.01	0.52	0.46	3.04	0.35	0.1	-0.53	18.22
0.11	0.09	-1	0.25	0.23	2.82	0.35	0.11	-0.52	17.96
0.11	0.08	-1.02	0.59	0.18	3.02	0.35	0.11	-0.53	18.22
0.12	0.09	-1.02	0.59	0.24	2.73	0.36	0.1	-0.53	17.96
0.11	0.08	-1.01	0.46	0.2	3.03	0.36	0.1	-0.54	17.96
0.11	0.09	-1.01	0.63	0	2.88	0.36	0.1	-0.53	17.96
0.11	0.08	-1.01	0.6	0.15	2.94	0.36	0.11	-0.53	17.96
0.11	0.09	-1.01	0.43	0.12	2.77	0.36	0.1	-0.52	17.96
0.11	0.09	-1.01	0.48	0.49	2.96	0.36	0.11	-0.53	17.96
0.11	0.08	-1.01	0.41	0.16	2.88	0.36	0.1	-0.53	18.22
0.12	0.09	-1	0.63	0.61	2.89	0.36	0.1	-0.54	17.96
0.12	0.08	-1.01	0.72	0.25	3.12	0.36	0.1	-0.53	17.96
0.12	0.09	-1.02	0.55	0.29	2.92	0.36	0.1	-0.53	17.96
0.12	0.08	-1	0.77	0.11	2.87	0.36	0.1	-0.53	17.96
0.12	0.09	-1	0.38	0.1	2.8	0.36	0.11	-0.54	17.96
0.11	0.09	-1.01	0.35	0.11	3.09	0.36	0.1	-0.53	17.96
0.11	0.09	-1.01	0.41	0.17	2.72	0.35	0.1	-0.53	18.22
0.12	0.09	-1.01	0.45	0.31	3	0.35	0.11	-0.52	17.96
0.12	0.08	-1.02	0.65	0	2.93	0.36	0.11	-0.52	17.96
0.12	0.09	-1.01	0.31	0.28	2.87	0.35	0.1	-0.53	17.96
0.11	0.08	-1.01	0.63	-0.06	2.9	0.37	0.1	-0.53	18.22
0.11	0.08	-1.01	0.57	0.42	2.7	0.36	0.1	-0.52	18.22
0.11	0.08	-1.01	0.55	0.15	3.08	0.36	0.1	-0.53	18.22
0.12	0.08	-1	0.36	0.16	2.92	0.36	0.1	-0.53	17.96
0.11	0.09	-1.01	0.45	0.25	2.85	0.35	0.11	-0.52	18.22
0.12	0.08	-1	0.37	0.04	2.82	0.35	0.1	-0.52	17.96
0.11	0.09	-1.01	0.56	0.11	2.81	0.36	0.1	-0.53	18.22
0.12	0.09	-1.01	0.67	0.08	2.95	0.35	0.11	-0.51	18.22
0.11	0.08	-1.01	0.5	0.28	2.89	0.36	0.1	-0.52	18.22
0.11	0.09	-1.01	0.48	0.07	2.87	0.36	0.1	-0.51	17.96
0.11	0.08	-1.02	0.26	-0.02	2.87	0.36	0.1	-0.53	18.22
0.12	0.08	-1.01	0.69	0.17	2.56	0.36	0.1	-0.53	17.96
0.11	0.08	-1.01	0.64	0.2	2.74	0.36	0.1	-0.52	18.22
0.12	0.08	-1.01	0.67	0.14	2.95	0.36	0.1	-0.52	18.22
0.11	0.08	-1.01	0.55	0.21	2.89	0.36	0.11	-0.53	18.22
0.11	0.08	-1.01	0.57	0.31	2.83	0.36	0.11	-0.52	18.22
0.12	0.1	-1.01	0.54	0.02	2.85	0.36	0.11	-0.53	18.22
0.11	0.08	-1.01	0.67	0.37	2.7	0.36	0.11	-0.52	18.48
0.12	0.09	-1.01	0.37	0.29	2.84	0.36	0.11	-0.53	18.22
0.11	0.09	-1.01	0.53	0.26	2.68	0.35	0.11	-0.53	18.22
0.11	0.09	-1.01	0.67	0.17	2.75	0.36	0.11	-0.52	18.22
0.11	0.09	-1.01	0.6	0.06	2.8	0.36	0.1	-0.52	18.22
0.11	0.07	-1.01	0.44	0.28	2.7	0.36	0.1	-0.53	18.22
0.11	0.09	-1.01	0.76	0.24	2.84	0.35	0.11	-0.52	18.48
0.12	0.09	-1.01	0.63	0.19	2.87	0.35	0.1	-0.52	18.48
0.12	0.08	-1.02	0.51	0.05	2.98	0.36	0.1	-0.53	18.48
0.11	0.08	-1.01	0.65	0.36	2.65	0.36	0.1	-0.53	18.48
0.11	0.08	-1.01	0.53	-0.05	2.91	0.36	0.11	-0.53	18.48
0.11	0.08	-1.01	0.57	0.28	2.81	0.36	0.11	-0.53	18.48
0.12	0.08	-1.01	0.6	0.01	2.73	0.36	0.11	-0.53	18.74
0.11	0.08	-1.01	0.62	0.03	2.72	0.36	0.1	-0.53	18.48
0.11	0.09	-1.01	0.59	0.26	2.9	0.36	0.11	-0.53	18.48
0.11	0.09	-1	0.64	0.16	2.67	0.36	0.1	-0.54	18.48
0.11	0.08	-1.01	0.66	-0.15	2.83	0.36	0.11	-0.53	18.74
0.11	0.09	-1.01	0.35	0.2	2.77	0.36	0.11	-0.52	18.48
0.11	0.08	-1.02	0.28	0.16	2.89	0.36	0.11	-0.53	18.48
0.11	0.08	-1.01	0.36	0.13	2.65	0.35	0.1	-0.52	18.48
0.11	0.09	-1.02	0.36	0.05	2.94	0.36	0.1	-0.53	18.48
0.11	0.08	-1.01	0.74	0.19	2.84	0.36	0.11	-0.53	18.48
0.11	0.08	-1.02	0.3	0.09	2.82	0.36	0.1	-0.52	18.22
0.12	0.09	-1.01	0.38	0.38	2.57	0.36	0.1	-0.53	18.48
0.11	0.08	-1.01	0.6	0.03	2.83	0.36	0.1	-0.53	18.48
0.11	0.09	-1.01	0.54	0.41	2.74	0.36	0.11	-0.53	18.48
0.11	0.09	-1.01	0.6	0.21	2.77	0.36	0.11	-0.53	18.22
0.11	0.08	-1.01	0.55	0.05	2.83	0.36	0.11	-0.52	18.48
0.11	0.08	-1.02	0.38	0.18	2.74	0.36	0.1	-0.52	18.22
0.12	0.09	-1.01	0.75	0.29	2.87	0.36	0.1	-0.52	18.22
0.12	0.09	-1.01	0.45	0.36	2.92	0.36	0.11	-0.52	18.48
0.11	0.09	-1	0.58	0.26	2.67	0.36	0.11	-0.53	18.48
0.11	0.08	-1.01	0.61	0.21	2.96	0.36	0.1	-0.53	18.48
0.11	0.09	-1.02	0.54	-0.02	2.87	0.35	0.11	-0.52	18.48
0.11	0.08	-1.01	0.62	0.35	2.78	0.36	0.1	-0.52	18.22
0.12	0.09	-1.01	0.27	-0.13	2.89	0.36	0.1	-0.52	18.22
0.11	0.08	-1.01	0.43	0.19	2.61	0.36	0.11	-0.53	18.22
0.11	0.09	-1	0.34	0.18	2.83	0.36	0.11	-0.53	18.48
0.12	0.08	-1.01	0.44	0.14	2.83	0.36	0.1	-0.53	18.48
0.11	0.08	-1.02	0.47	0.28	2.98	0.36	0.1	-0.52	18.48
0.12	0.09	-1.01	0.37	0.17	2.83	0.36	0.1	-0.52	18.74
0.12	0.08	-1.01	0.47	0.07	2.78	0.36	0.1	-0.53	18.48
0.12	0.07	-1.01	0.64	0.32	2.89	0.36	0.1	-0.53	18.48
0.11	0.08	-1	0.59	0.32	2.89	0.36	0.11	-0.53	18.48
0.11	0.08	-1.01	0.23	0.06	2.8	0.36	0.1	-0.53	18.48
0.12	0.08	-1.01	0.58	-0.06	2.77	0.36	0.1	-0.53	18.48
0.11	0.09	-1.01	0.41	0.12	2.63	0.36	0.1	-0.52	18.48
0.11	0.08	-1.01	0.57	0.29	2.76	0.36	0.1	-0.52	18.48
0.11	0.08	-1.02	0.55	0.2	2.77	0.36	0.1	-0.53	18.48
0.11	0.09	-1.01	0.54	0.17	2.71	0.35	0.1	-0.52	18.48
0.11	0.08	-1.01	0.6	0.24	3.11	0.36	0.1	-0.53	18.74
0.11	0.09	-1.01	0.39	0.19	2.81	0.35	0.1	-0.53	18.74
0.1	0.08	-1.01	0.63	0.24	2.81	0.35	0.1	-0.53	18.74
0.12	0.09	-1.01	0.5	0.23	2.86	0.35	0.1	-0.52	18.48
0.11	0.08	-1.01	0.35	0.1	2.85	0.36	0.11	-0.53	18.48
0.11	0.08	-1.01	0.58	0.15	2.76	0.36	0.1	-0.52	18.74
0.11	0.08	-1.01	0.32	0.19	2.84	0.35	0.1	-0.52	18.74
0.11	0.09	-1	0.56	0.22	2.68	0.36	0.1	-0.53	18.48
0.11	0.08	-1.01	0.5	0.11	2.78	0.35	0.1	-0.52	19
0.12	0.08	-1.01	0.46	0.12	2.85	0.36	0.1	-0.52	18.74
0.11	0.08	-1	0.23	0.23	2.85	0.36	0.1	-0.53	18.74
0.11	0.09	-1.01	0.52	0.28	2.84	0.36	0.1	-0.53	18.74
0.12	0.09	-1.02	0.56	0.32	3.18	0.35	0.1	-0.53	18.74
0.11	0.09	-1.01	0.54	0.2	2.86	0.36	0.1	-0.52	18.74
0.12	0.08	-1.01	0.53	0.45	2.98	0.36	0.1	-0.53	18.48
0.12	0.08	-1.01	0.33	0.37	2.63	0.36	0.11	-0.52	18.48
0.11	0.09	-1.01	0.52	0.21	2.84	0.36	0.1	-0.53	18.74
0.11	0.08	-1.01	0.62	0.05	2.9	0.35	0.11	-0.52	18.74
0.11	0.08	-1.01	0.63	0.36	2.94	0.35	0.11	-0.52	18.74
0.11	0.08	-1.01	0.4	0.26	2.7	0.36	0.11	-0.52	18.74
0.12	0.09	-1	0.81	0.15	2.82	0.36	0.1	-0.52	18.74
0.11	0.08	-1.01	0.34	0.24	2.82	0.36	0.11	-0.53	18.74
0.11	0.09	-1	0.66	0.33	2.81	0.36	0.11	-0.52	18.74
0.11	0.08	-1	0.56	0.33	2.93	0.35	0.1	-0.52	18.74
0.11	0.09	-1.02	-0.81	0.29	2.56	0.36	0.1	-0.52	19
0.12	0.08	-1	0.91	0.31	3.06	0.36	0.1	-0.52	18.74
0.11	0.08	-1.01	0.25	0.17	2.7	0.36	0.1	-0.52	18.74
0.11	0.08	-1	0.69	0.2	2.78	0.36	0.1	-0.53	18.74
0.11	0.11	-0.99	-0.41	0.24	2.75	0.36	0.1	-0.53	18.74
0.12	0.08	-1	1.11	0.13	2.95	0.35	0.1	-0.53	18.74
0.11	0.08	-1.03	0.34	0.14	2.83	0.36	0.1	-0.53	19
0.13	0.07	-1	0.63	0.22	2.74	0.36	0.11	-0.52	18.74
0.13	0.08	-1.01	0.52	0.16	2.93	0.36	0.1	-0.53	18.74
0.14	0.06	-1	0.38	0.35	2.81	0.36	0.1	-0.52	18.74
0.08	0.05	-1.02	-4.28	-0.6	1.75	0.35	0.11	-0.53	18.74
0.12	0.01	-0.98	-73.57	-9.17	-7.15	0.36	0.17	-0.55	19
0.18	-0.12	-0.99	-28.12	-4.76	-0.65	0.36	0.18	-0.56	19
-0.02	0.34	-0.98	-81.2	-87.38	133.1	0.47	0.17	-0.64	19
1.31	0.18	1.09	-44.18	286.68	-88.23	0.57	0.05	-0.92	19
1.01	-0.27	-0.12	-59.37	177.8	-33.85	0.55	-0.04	-0.99	18.74
0.8	0.04	0.02	61.97	251.69	-61.29	0.55	0.05	-0.98	18.48
0.65	0.02	0.07	17.56	286.68	15.33	0.56	0.05	-0.75	18.74
-0.13	-0.42	-0.43	-242.72	286.68	50.87	0.47	0.13	-0.63	18.48
0.87	-0.81	-1.08	176.77	20.26	-238.46	0.45	-0.09	-0.58	18.74
0.5	-0.09	-1.28	-120.31	-19.95	115.4	0.34	-0.07	-0.49	18.48
0.5	-0.48	-1.06	79.2	-17.9	161.78	0.28	-0.17	-0.51	18.48
0.52	0.38	-0.5	-84.8	33.84	31.31	0.21	-0.18	-0.51	18.48
0.58	0.19	-0.82	6.1	28.06	30.37	0.16	-0.26	-0.56	18.48
0.17	0.42	-0.98	120.25	78.26	168.44	0.01	-0.31	-0.65	18.48
0.23	0.64	-0.8	33.03	-20.53	50.53	-0.03	-0.33	-0.68	18.74
0.29	0.75	-0.72	65.35	51.04	22.34	-0.05	-0.37	-0.78	18.74
-0.02	0.51	-0.53	-35.6	-17.65	61.05	-0.1	-0.33	-0.76	18.48
-0.35	1.11	-0.89	-25.6	12.18	105.89	-0.18	-0.13	-0.67	18.48
-0.18	0.24	-0.81	-31.18	-56.19	70.39	-0.11	0.06	-0.59	18.74
-0.37	0.14	-0.96	-68.22	208.29	142.37	-0.16	0.22	-0.73	18.48
-0.45	-0.44	-0.25	-12.06	84.77	122.73	-0.01	0.4	-0.91	18.48
-0.82	-1.05	-0.39	-49.04	27.96	16.42	0.11	0.41	-0.91	18.48
-0.35	-0.51	-0.18	-39.91	33.92	20.82	0.06	0.41	-0.91	18.48
-0.52	-0.76	-0.17	-56.11	-17.88	19.07	0.11	0.41	-0.93	18.74
-0.45	-0.64	-0.23	37.13	-36.43	-14.88	0.12	0.41	-0.89	18.48
-0.48	-0.98	-0.12	-67.53	25.97	23.36	0.15	0.41	-0.96	18.74
-0.39	-0.8	-0.09	-7.7	-3.95	-9.8	0.11	0.42	-0.96	18.74
-0.63	-1.27	0.16	63.69	0.28	27.51	0.12	0.41	-0.97	18.48
-0.47	-0.72	-0.3	1.5	-20.16	-17.4	0.11	0.42	-0.95	18.74
-0.66	-1.02	0.09	28.1	-28.3	-55.55	0.01	0.4	-0.97	18.48
-0.7	-1	-0.1	19.81	-9.75	5	0.05	0.4	-0.95	18.74
-0.44	-0.52	-0.1	-10.36	9.77	31.2	0.16	0.41	-0.9	18.74
-0.38	-0.41	-0.65	38.59	-12.69	10.73	0.15	0.37	-0.73	18.74
-0.46	-0.64	-0.82	110.75	-74.68	-101.29	0.14	0.28	-0.6	18.74
-0.21	0.13	-1.08	22.87	-6.1	-3.64	0.17	0.16	-0.51	18.74
-0.45	0.13	-0.96	-25.41	-9.43	-13.37	0.16	0.18	-0.53	18.74
-0.35	0.11	-0.95	-10.93	-29.61	48.62	0.22	0.15	-0.53	18.74
-0.21	-0.05	-0.95	-103.02	8.5	-1.07	0.22	0.21	-0.55	18.74
-0.42	-0.09	-1.23	-47	21.45	28.8	0.17	0.22	-0.56	18.74
-0.29	-0.19	-0.7	-4.45	-2.44	-3.21	0.15	0.24	-0.57	18.74
